gain	0	1	-84.35
gain	1	0	-84.35
gain	0	2	-95.65
gain	2	0	-95.65
gain	0	3	-96.85
gain	3	0	-96.85
gain	0	4	-103.26
gain	4	0	-103.26
gain	0	5	-118.92
gain	5	0	-118.92
gain	0	6	-111.10
gain	6	0	-111.10
gain	0	7	-83.98
gain	7	0	-83.98
gain	0	8	-101.15
gain	8	0	-101.15
gain	0	9	-88.07
gain	9	0	-88.07
gain	0	10	-100.39
gain	10	0	-100.39
gain	0	11	-108.71
gain	11	0	-108.71
gain	0	12	-107.42
gain	12	0	-107.42
gain	0	13	-111.15
gain	13	0	-111.15
gain	0	14	-93.63
gain	14	0	-93.63
gain	0	15	-92.42
gain	15	0	-92.42
gain	0	16	-107.53
gain	16	0	-107.53
gain	0	17	-96.83
gain	17	0	-96.83
gain	0	18	-107.62
gain	18	0	-107.62
gain	0	19	-121.52
gain	19	0	-121.52
gain	0	20	-110.63
gain	20	0	-110.63
gain	0	21	-93.86
gain	21	0	-93.86
gain	0	22	-100.59
gain	22	0	-100.59
gain	0	23	-98.31
gain	23	0	-98.31
gain	0	24	-106.28
gain	24	0	-106.28
gain	0	25	-105.16
gain	25	0	-105.16
gain	0	26	-110.99
gain	26	0	-110.99
gain	0	27	-108.69
gain	27	0	-108.69
gain	0	28	-105.38
gain	28	0	-105.38
gain	0	29	-99.87
gain	29	0	-99.87
gain	0	30	-103.93
gain	30	0	-103.93
gain	0	31	-104.10
gain	31	0	-104.10
gain	0	32	-115.00
gain	32	0	-115.00
gain	0	33	-112.35
gain	33	0	-112.35
gain	0	34	-105.22
gain	34	0	-105.22
gain	0	35	-107.86
gain	35	0	-107.86
gain	0	36	-113.39
gain	36	0	-113.39
gain	0	37	-105.66
gain	37	0	-105.66
gain	0	38	-101.16
gain	38	0	-101.16
gain	0	39	-115.11
gain	39	0	-115.11
gain	0	40	-121.20
gain	40	0	-121.20
gain	0	41	-103.93
gain	41	0	-103.93
gain	0	42	-106.37
gain	42	0	-106.37
gain	0	43	-107.22
gain	43	0	-107.22
gain	0	44	-110.84
gain	44	0	-110.84
gain	0	45	-117.92
gain	45	0	-117.92
gain	0	46	-113.91
gain	46	0	-113.91
gain	0	47	-115.12
gain	47	0	-115.12
gain	0	48	-110.25
gain	48	0	-110.25
gain	1	2	-95.33
gain	2	1	-95.33
gain	1	3	-92.78
gain	3	1	-92.78
gain	1	4	-101.20
gain	4	1	-101.20
gain	1	5	-99.85
gain	5	1	-99.85
gain	1	6	-104.21
gain	6	1	-104.21
gain	1	7	-80.41
gain	7	1	-80.41
gain	1	8	-97.50
gain	8	1	-97.50
gain	1	9	-86.28
gain	9	1	-86.28
gain	1	10	-90.13
gain	10	1	-90.13
gain	1	11	-106.21
gain	11	1	-106.21
gain	1	12	-106.58
gain	12	1	-106.58
gain	1	13	-103.53
gain	13	1	-103.53
gain	1	14	-89.03
gain	14	1	-89.03
gain	1	15	-98.96
gain	15	1	-98.96
gain	1	16	-106.45
gain	16	1	-106.45
gain	1	17	-107.83
gain	17	1	-107.83
gain	1	18	-108.31
gain	18	1	-108.31
gain	1	19	-103.97
gain	19	1	-103.97
gain	1	20	-110.48
gain	20	1	-110.48
gain	1	21	-101.26
gain	21	1	-101.26
gain	1	22	-89.60
gain	22	1	-89.60
gain	1	23	-111.79
gain	23	1	-111.79
gain	1	24	-93.68
gain	24	1	-93.68
gain	1	25	-106.36
gain	25	1	-106.36
gain	1	26	-112.02
gain	26	1	-112.02
gain	1	27	-106.88
gain	27	1	-106.88
gain	1	28	-97.77
gain	28	1	-97.77
gain	1	29	-101.46
gain	29	1	-101.46
gain	1	30	-99.82
gain	30	1	-99.82
gain	1	31	-97.33
gain	31	1	-97.33
gain	1	32	-107.93
gain	32	1	-107.93
gain	1	33	-116.75
gain	33	1	-116.75
gain	1	34	-112.79
gain	34	1	-112.79
gain	1	35	-108.74
gain	35	1	-108.74
gain	1	36	-110.75
gain	36	1	-110.75
gain	1	37	-104.07
gain	37	1	-104.07
gain	1	38	-107.70
gain	38	1	-107.70
gain	1	39	-115.91
gain	39	1	-115.91
gain	1	40	-104.48
gain	40	1	-104.48
gain	1	41	-114.19
gain	41	1	-114.19
gain	1	42	-106.40
gain	42	1	-106.40
gain	1	43	-117.93
gain	43	1	-117.93
gain	1	44	-102.73
gain	44	1	-102.73
gain	1	45	-106.38
gain	45	1	-106.38
gain	1	46	-102.52
gain	46	1	-102.52
gain	1	47	-113.12
gain	47	1	-113.12
gain	1	48	-114.50
gain	48	1	-114.50
gain	2	3	-78.64
gain	3	2	-78.64
gain	2	4	-92.96
gain	4	2	-92.96
gain	2	5	-102.31
gain	5	2	-102.31
gain	2	6	-111.30
gain	6	2	-111.30
gain	2	7	-95.82
gain	7	2	-95.82
gain	2	8	-84.91
gain	8	2	-84.91
gain	2	9	-81.65
gain	9	2	-81.65
gain	2	10	-86.70
gain	10	2	-86.70
gain	2	11	-89.74
gain	11	2	-89.74
gain	2	12	-94.34
gain	12	2	-94.34
gain	2	13	-100.01
gain	13	2	-100.01
gain	2	14	-106.23
gain	14	2	-106.23
gain	2	15	-100.78
gain	15	2	-100.78
gain	2	16	-84.96
gain	16	2	-84.96
gain	2	17	-101.12
gain	17	2	-101.12
gain	2	18	-101.61
gain	18	2	-101.61
gain	2	19	-98.81
gain	19	2	-98.81
gain	2	20	-108.19
gain	20	2	-108.19
gain	2	21	-97.05
gain	21	2	-97.05
gain	2	22	-95.10
gain	22	2	-95.10
gain	2	23	-97.41
gain	23	2	-97.41
gain	2	24	-104.49
gain	24	2	-104.49
gain	2	25	-97.57
gain	25	2	-97.57
gain	2	26	-107.17
gain	26	2	-107.17
gain	2	27	-111.09
gain	27	2	-111.09
gain	2	28	-110.21
gain	28	2	-110.21
gain	2	29	-94.67
gain	29	2	-94.67
gain	2	30	-103.71
gain	30	2	-103.71
gain	2	31	-105.83
gain	31	2	-105.83
gain	2	32	-120.12
gain	32	2	-120.12
gain	2	33	-104.13
gain	33	2	-104.13
gain	2	34	-107.05
gain	34	2	-107.05
gain	2	35	-104.74
gain	35	2	-104.74
gain	2	36	-105.15
gain	36	2	-105.15
gain	2	37	-104.82
gain	37	2	-104.82
gain	2	38	-112.63
gain	38	2	-112.63
gain	2	39	-103.60
gain	39	2	-103.60
gain	2	40	-103.30
gain	40	2	-103.30
gain	2	41	-112.81
gain	41	2	-112.81
gain	2	42	-105.41
gain	42	2	-105.41
gain	2	43	-106.67
gain	43	2	-106.67
gain	2	44	-104.12
gain	44	2	-104.12
gain	2	45	-121.76
gain	45	2	-121.76
gain	2	46	-101.28
gain	46	2	-101.28
gain	2	47	-117.21
gain	47	2	-117.21
gain	2	48	-108.00
gain	48	2	-108.00
gain	3	4	-83.87
gain	4	3	-83.87
gain	3	5	-93.13
gain	5	3	-93.13
gain	3	6	-100.17
gain	6	3	-100.17
gain	3	7	-96.15
gain	7	3	-96.15
gain	3	8	-95.20
gain	8	3	-95.20
gain	3	9	-98.58
gain	9	3	-98.58
gain	3	10	-79.75
gain	10	3	-79.75
gain	3	11	-90.91
gain	11	3	-90.91
gain	3	12	-97.12
gain	12	3	-97.12
gain	3	13	-102.08
gain	13	3	-102.08
gain	3	14	-103.49
gain	14	3	-103.49
gain	3	15	-99.72
gain	15	3	-99.72
gain	3	16	-104.29
gain	16	3	-104.29
gain	3	17	-96.54
gain	17	3	-96.54
gain	3	18	-85.50
gain	18	3	-85.50
gain	3	19	-94.43
gain	19	3	-94.43
gain	3	20	-105.27
gain	20	3	-105.27
gain	3	21	-104.47
gain	21	3	-104.47
gain	3	22	-99.18
gain	22	3	-99.18
gain	3	23	-96.76
gain	23	3	-96.76
gain	3	24	-103.85
gain	24	3	-103.85
gain	3	25	-97.67
gain	25	3	-97.67
gain	3	26	-105.39
gain	26	3	-105.39
gain	3	27	-106.76
gain	27	3	-106.76
gain	3	28	-106.99
gain	28	3	-106.99
gain	3	29	-113.83
gain	29	3	-113.83
gain	3	30	-99.61
gain	30	3	-99.61
gain	3	31	-109.45
gain	31	3	-109.45
gain	3	32	-101.17
gain	32	3	-101.17
gain	3	33	-110.36
gain	33	3	-110.36
gain	3	34	-105.51
gain	34	3	-105.51
gain	3	35	-106.61
gain	35	3	-106.61
gain	3	36	-114.03
gain	36	3	-114.03
gain	3	37	-123.12
gain	37	3	-123.12
gain	3	38	-106.94
gain	38	3	-106.94
gain	3	39	-112.83
gain	39	3	-112.83
gain	3	40	-114.93
gain	40	3	-114.93
gain	3	41	-95.85
gain	41	3	-95.85
gain	3	42	-115.70
gain	42	3	-115.70
gain	3	43	-114.89
gain	43	3	-114.89
gain	3	44	-111.84
gain	44	3	-111.84
gain	3	45	-111.19
gain	45	3	-111.19
gain	3	46	-108.26
gain	46	3	-108.26
gain	3	47	-107.67
gain	47	3	-107.67
gain	3	48	-113.87
gain	48	3	-113.87
gain	4	5	-82.21
gain	5	4	-82.21
gain	4	6	-90.81
gain	6	4	-90.81
gain	4	7	-98.91
gain	7	4	-98.91
gain	4	8	-108.43
gain	8	4	-108.43
gain	4	9	-98.22
gain	9	4	-98.22
gain	4	10	-89.78
gain	10	4	-89.78
gain	4	11	-85.53
gain	11	4	-85.53
gain	4	12	-85.43
gain	12	4	-85.43
gain	4	13	-98.37
gain	13	4	-98.37
gain	4	14	-103.24
gain	14	4	-103.24
gain	4	15	-102.20
gain	15	4	-102.20
gain	4	16	-97.12
gain	16	4	-97.12
gain	4	17	-97.45
gain	17	4	-97.45
gain	4	18	-90.77
gain	18	4	-90.77
gain	4	19	-99.38
gain	19	4	-99.38
gain	4	20	-99.47
gain	20	4	-99.47
gain	4	21	-115.96
gain	21	4	-115.96
gain	4	22	-104.93
gain	22	4	-104.93
gain	4	23	-100.75
gain	23	4	-100.75
gain	4	24	-101.82
gain	24	4	-101.82
gain	4	25	-105.62
gain	25	4	-105.62
gain	4	26	-97.71
gain	26	4	-97.71
gain	4	27	-100.11
gain	27	4	-100.11
gain	4	28	-111.44
gain	28	4	-111.44
gain	4	29	-105.12
gain	29	4	-105.12
gain	4	30	-98.12
gain	30	4	-98.12
gain	4	31	-99.42
gain	31	4	-99.42
gain	4	32	-99.77
gain	32	4	-99.77
gain	4	33	-107.86
gain	33	4	-107.86
gain	4	34	-113.28
gain	34	4	-113.28
gain	4	35	-122.97
gain	35	4	-122.97
gain	4	36	-104.44
gain	36	4	-104.44
gain	4	37	-107.18
gain	37	4	-107.18
gain	4	38	-104.82
gain	38	4	-104.82
gain	4	39	-108.44
gain	39	4	-108.44
gain	4	40	-109.45
gain	40	4	-109.45
gain	4	41	-116.34
gain	41	4	-116.34
gain	4	42	-115.50
gain	42	4	-115.50
gain	4	43	-104.70
gain	43	4	-104.70
gain	4	44	-106.06
gain	44	4	-106.06
gain	4	45	-107.42
gain	45	4	-107.42
gain	4	46	-117.37
gain	46	4	-117.37
gain	4	47	-117.34
gain	47	4	-117.34
gain	4	48	-116.48
gain	48	4	-116.48
gain	5	6	-84.77
gain	6	5	-84.77
gain	5	7	-107.99
gain	7	5	-107.99
gain	5	8	-115.23
gain	8	5	-115.23
gain	5	9	-109.12
gain	9	5	-109.12
gain	5	10	-103.36
gain	10	5	-103.36
gain	5	11	-91.06
gain	11	5	-91.06
gain	5	12	-81.24
gain	12	5	-81.24
gain	5	13	-88.15
gain	13	5	-88.15
gain	5	14	-105.90
gain	14	5	-105.90
gain	5	15	-106.61
gain	15	5	-106.61
gain	5	16	-110.22
gain	16	5	-110.22
gain	5	17	-94.47
gain	17	5	-94.47
gain	5	18	-100.30
gain	18	5	-100.30
gain	5	19	-98.18
gain	19	5	-98.18
gain	5	20	-85.20
gain	20	5	-85.20
gain	5	21	-103.43
gain	21	5	-103.43
gain	5	22	-108.21
gain	22	5	-108.21
gain	5	23	-111.76
gain	23	5	-111.76
gain	5	24	-97.67
gain	24	5	-97.67
gain	5	25	-104.35
gain	25	5	-104.35
gain	5	26	-109.42
gain	26	5	-109.42
gain	5	27	-111.34
gain	27	5	-111.34
gain	5	28	-115.75
gain	28	5	-115.75
gain	5	29	-105.84
gain	29	5	-105.84
gain	5	30	-101.01
gain	30	5	-101.01
gain	5	31	-107.96
gain	31	5	-107.96
gain	5	32	-110.07
gain	32	5	-110.07
gain	5	33	-98.32
gain	33	5	-98.32
gain	5	34	-109.57
gain	34	5	-109.57
gain	5	35	-113.49
gain	35	5	-113.49
gain	5	36	-119.52
gain	36	5	-119.52
gain	5	37	-111.40
gain	37	5	-111.40
gain	5	38	-109.52
gain	38	5	-109.52
gain	5	39	-111.26
gain	39	5	-111.26
gain	5	40	-111.58
gain	40	5	-111.58
gain	5	41	-112.61
gain	41	5	-112.61
gain	5	42	-110.41
gain	42	5	-110.41
gain	5	43	-114.52
gain	43	5	-114.52
gain	5	44	-119.19
gain	44	5	-119.19
gain	5	45	-104.84
gain	45	5	-104.84
gain	5	46	-114.12
gain	46	5	-114.12
gain	5	47	-119.62
gain	47	5	-119.62
gain	5	48	-109.07
gain	48	5	-109.07
gain	6	7	-112.33
gain	7	6	-112.33
gain	6	8	-116.07
gain	8	6	-116.07
gain	6	9	-108.08
gain	9	6	-108.08
gain	6	10	-101.80
gain	10	6	-101.80
gain	6	11	-101.76
gain	11	6	-101.76
gain	6	12	-95.48
gain	12	6	-95.48
gain	6	13	-98.94
gain	13	6	-98.94
gain	6	14	-108.98
gain	14	6	-108.98
gain	6	15	-97.77
gain	15	6	-97.77
gain	6	16	-114.27
gain	16	6	-114.27
gain	6	17	-108.19
gain	17	6	-108.19
gain	6	18	-99.55
gain	18	6	-99.55
gain	6	19	-102.81
gain	19	6	-102.81
gain	6	20	-97.91
gain	20	6	-97.91
gain	6	21	-125.17
gain	21	6	-125.17
gain	6	22	-119.74
gain	22	6	-119.74
gain	6	23	-109.53
gain	23	6	-109.53
gain	6	24	-111.64
gain	24	6	-111.64
gain	6	25	-96.97
gain	25	6	-96.97
gain	6	26	-96.40
gain	26	6	-96.40
gain	6	27	-101.44
gain	27	6	-101.44
gain	6	28	-107.52
gain	28	6	-107.52
gain	6	29	-112.27
gain	29	6	-112.27
gain	6	30	-114.65
gain	30	6	-114.65
gain	6	31	-110.22
gain	31	6	-110.22
gain	6	32	-102.91
gain	32	6	-102.91
gain	6	33	-112.49
gain	33	6	-112.49
gain	6	34	-96.31
gain	34	6	-96.31
gain	6	35	-116.94
gain	35	6	-116.94
gain	6	36	-119.30
gain	36	6	-119.30
gain	6	37	-125.54
gain	37	6	-125.54
gain	6	38	-114.46
gain	38	6	-114.46
gain	6	39	-107.64
gain	39	6	-107.64
gain	6	40	-101.35
gain	40	6	-101.35
gain	6	41	-111.01
gain	41	6	-111.01
gain	6	42	-111.56
gain	42	6	-111.56
gain	6	43	-122.31
gain	43	6	-122.31
gain	6	44	-109.92
gain	44	6	-109.92
gain	6	45	-110.45
gain	45	6	-110.45
gain	6	46	-106.78
gain	46	6	-106.78
gain	6	47	-113.42
gain	47	6	-113.42
gain	6	48	-126.49
gain	48	6	-126.49
gain	7	8	-86.89
gain	8	7	-86.89
gain	7	9	-95.76
gain	9	7	-95.76
gain	7	10	-94.79
gain	10	7	-94.79
gain	7	11	-102.35
gain	11	7	-102.35
gain	7	12	-104.06
gain	12	7	-104.06
gain	7	13	-108.05
gain	13	7	-108.05
gain	7	14	-85.32
gain	14	7	-85.32
gain	7	15	-91.01
gain	15	7	-91.01
gain	7	16	-91.75
gain	16	7	-91.75
gain	7	17	-100.02
gain	17	7	-100.02
gain	7	18	-102.75
gain	18	7	-102.75
gain	7	19	-110.54
gain	19	7	-110.54
gain	7	20	-106.60
gain	20	7	-106.60
gain	7	21	-90.49
gain	21	7	-90.49
gain	7	22	-104.29
gain	22	7	-104.29
gain	7	23	-97.33
gain	23	7	-97.33
gain	7	24	-97.95
gain	24	7	-97.95
gain	7	25	-109.69
gain	25	7	-109.69
gain	7	26	-116.75
gain	26	7	-116.75
gain	7	27	-114.22
gain	27	7	-114.22
gain	7	28	-98.29
gain	28	7	-98.29
gain	7	29	-107.32
gain	29	7	-107.32
gain	7	30	-101.97
gain	30	7	-101.97
gain	7	31	-109.12
gain	31	7	-109.12
gain	7	32	-107.53
gain	32	7	-107.53
gain	7	33	-102.77
gain	33	7	-102.77
gain	7	34	-115.50
gain	34	7	-115.50
gain	7	35	-110.96
gain	35	7	-110.96
gain	7	36	-107.52
gain	36	7	-107.52
gain	7	37	-98.26
gain	37	7	-98.26
gain	7	38	-105.79
gain	38	7	-105.79
gain	7	39	-119.02
gain	39	7	-119.02
gain	7	40	-108.71
gain	40	7	-108.71
gain	7	41	-108.35
gain	41	7	-108.35
gain	7	42	-112.18
gain	42	7	-112.18
gain	7	43	-107.41
gain	43	7	-107.41
gain	7	44	-105.20
gain	44	7	-105.20
gain	7	45	-109.93
gain	45	7	-109.93
gain	7	46	-109.05
gain	46	7	-109.05
gain	7	47	-117.92
gain	47	7	-117.92
gain	7	48	-118.92
gain	48	7	-118.92
gain	8	9	-83.33
gain	9	8	-83.33
gain	8	10	-99.82
gain	10	8	-99.82
gain	8	11	-108.13
gain	11	8	-108.13
gain	8	12	-100.15
gain	12	8	-100.15
gain	8	13	-105.19
gain	13	8	-105.19
gain	8	14	-83.91
gain	14	8	-83.91
gain	8	15	-86.89
gain	15	8	-86.89
gain	8	16	-91.45
gain	16	8	-91.45
gain	8	17	-100.67
gain	17	8	-100.67
gain	8	18	-97.97
gain	18	8	-97.97
gain	8	19	-108.12
gain	19	8	-108.12
gain	8	20	-107.64
gain	20	8	-107.64
gain	8	21	-96.55
gain	21	8	-96.55
gain	8	22	-93.51
gain	22	8	-93.51
gain	8	23	-87.03
gain	23	8	-87.03
gain	8	24	-104.93
gain	24	8	-104.93
gain	8	25	-103.54
gain	25	8	-103.54
gain	8	26	-106.38
gain	26	8	-106.38
gain	8	27	-117.83
gain	27	8	-117.83
gain	8	28	-89.55
gain	28	8	-89.55
gain	8	29	-106.12
gain	29	8	-106.12
gain	8	30	-100.99
gain	30	8	-100.99
gain	8	31	-100.31
gain	31	8	-100.31
gain	8	32	-99.81
gain	32	8	-99.81
gain	8	33	-118.69
gain	33	8	-118.69
gain	8	34	-107.29
gain	34	8	-107.29
gain	8	35	-104.42
gain	35	8	-104.42
gain	8	36	-99.83
gain	36	8	-99.83
gain	8	37	-98.96
gain	37	8	-98.96
gain	8	38	-104.59
gain	38	8	-104.59
gain	8	39	-108.57
gain	39	8	-108.57
gain	8	40	-110.51
gain	40	8	-110.51
gain	8	41	-112.70
gain	41	8	-112.70
gain	8	42	-106.01
gain	42	8	-106.01
gain	8	43	-110.95
gain	43	8	-110.95
gain	8	44	-112.72
gain	44	8	-112.72
gain	8	45	-115.58
gain	45	8	-115.58
gain	8	46	-118.63
gain	46	8	-118.63
gain	8	47	-114.62
gain	47	8	-114.62
gain	8	48	-113.70
gain	48	8	-113.70
gain	9	10	-90.36
gain	10	9	-90.36
gain	9	11	-82.91
gain	11	9	-82.91
gain	9	12	-112.91
gain	12	9	-112.91
gain	9	13	-100.80
gain	13	9	-100.80
gain	9	14	-94.86
gain	14	9	-94.86
gain	9	15	-95.40
gain	15	9	-95.40
gain	9	16	-82.13
gain	16	9	-82.13
gain	9	17	-99.36
gain	17	9	-99.36
gain	9	18	-90.36
gain	18	9	-90.36
gain	9	19	-96.99
gain	19	9	-96.99
gain	9	20	-100.89
gain	20	9	-100.89
gain	9	21	-91.83
gain	21	9	-91.83
gain	9	22	-92.62
gain	22	9	-92.62
gain	9	23	-88.69
gain	23	9	-88.69
gain	9	24	-97.67
gain	24	9	-97.67
gain	9	25	-96.96
gain	25	9	-96.96
gain	9	26	-94.17
gain	26	9	-94.17
gain	9	27	-108.02
gain	27	9	-108.02
gain	9	28	-101.44
gain	28	9	-101.44
gain	9	29	-104.37
gain	29	9	-104.37
gain	9	30	-98.37
gain	30	9	-98.37
gain	9	31	-102.25
gain	31	9	-102.25
gain	9	32	-105.05
gain	32	9	-105.05
gain	9	33	-94.93
gain	33	9	-94.93
gain	9	34	-98.48
gain	34	9	-98.48
gain	9	35	-105.38
gain	35	9	-105.38
gain	9	36	-108.22
gain	36	9	-108.22
gain	9	37	-108.25
gain	37	9	-108.25
gain	9	38	-98.95
gain	38	9	-98.95
gain	9	39	-108.71
gain	39	9	-108.71
gain	9	40	-105.57
gain	40	9	-105.57
gain	9	41	-111.30
gain	41	9	-111.30
gain	9	42	-106.23
gain	42	9	-106.23
gain	9	43	-104.04
gain	43	9	-104.04
gain	9	44	-105.41
gain	44	9	-105.41
gain	9	45	-103.53
gain	45	9	-103.53
gain	9	46	-110.50
gain	46	9	-110.50
gain	9	47	-104.82
gain	47	9	-104.82
gain	9	48	-112.21
gain	48	9	-112.21
gain	10	11	-87.73
gain	11	10	-87.73
gain	10	12	-87.67
gain	12	10	-87.67
gain	10	13	-102.00
gain	13	10	-102.00
gain	10	14	-106.15
gain	14	10	-106.15
gain	10	15	-88.94
gain	15	10	-88.94
gain	10	16	-94.21
gain	16	10	-94.21
gain	10	17	-89.79
gain	17	10	-89.79
gain	10	18	-83.85
gain	18	10	-83.85
gain	10	19	-102.47
gain	19	10	-102.47
gain	10	20	-98.13
gain	20	10	-98.13
gain	10	21	-100.21
gain	21	10	-100.21
gain	10	22	-99.68
gain	22	10	-99.68
gain	10	23	-87.96
gain	23	10	-87.96
gain	10	24	-93.91
gain	24	10	-93.91
gain	10	25	-95.16
gain	25	10	-95.16
gain	10	26	-100.03
gain	26	10	-100.03
gain	10	27	-101.89
gain	27	10	-101.89
gain	10	28	-113.69
gain	28	10	-113.69
gain	10	29	-100.00
gain	29	10	-100.00
gain	10	30	-99.72
gain	30	10	-99.72
gain	10	31	-109.27
gain	31	10	-109.27
gain	10	32	-102.44
gain	32	10	-102.44
gain	10	33	-105.11
gain	33	10	-105.11
gain	10	34	-108.01
gain	34	10	-108.01
gain	10	35	-101.93
gain	35	10	-101.93
gain	10	36	-99.50
gain	36	10	-99.50
gain	10	37	-118.11
gain	37	10	-118.11
gain	10	38	-100.28
gain	38	10	-100.28
gain	10	39	-102.79
gain	39	10	-102.79
gain	10	40	-96.89
gain	40	10	-96.89
gain	10	41	-102.20
gain	41	10	-102.20
gain	10	42	-109.14
gain	42	10	-109.14
gain	10	43	-103.80
gain	43	10	-103.80
gain	10	44	-112.84
gain	44	10	-112.84
gain	10	45	-111.34
gain	45	10	-111.34
gain	10	46	-110.49
gain	46	10	-110.49
gain	10	47	-110.05
gain	47	10	-110.05
gain	10	48	-118.45
gain	48	10	-118.45
gain	11	12	-85.15
gain	12	11	-85.15
gain	11	13	-99.68
gain	13	11	-99.68
gain	11	14	-101.13
gain	14	11	-101.13
gain	11	15	-100.29
gain	15	11	-100.29
gain	11	16	-96.38
gain	16	11	-96.38
gain	11	17	-92.56
gain	17	11	-92.56
gain	11	18	-81.48
gain	18	11	-81.48
gain	11	19	-84.36
gain	19	11	-84.36
gain	11	20	-86.92
gain	20	11	-86.92
gain	11	21	-111.79
gain	21	11	-111.79
gain	11	22	-109.70
gain	22	11	-109.70
gain	11	23	-97.33
gain	23	11	-97.33
gain	11	24	-95.43
gain	24	11	-95.43
gain	11	25	-91.90
gain	25	11	-91.90
gain	11	26	-94.61
gain	26	11	-94.61
gain	11	27	-103.19
gain	27	11	-103.19
gain	11	28	-103.03
gain	28	11	-103.03
gain	11	29	-107.32
gain	29	11	-107.32
gain	11	30	-104.32
gain	30	11	-104.32
gain	11	31	-101.25
gain	31	11	-101.25
gain	11	32	-100.41
gain	32	11	-100.41
gain	11	33	-108.00
gain	33	11	-108.00
gain	11	34	-98.72
gain	34	11	-98.72
gain	11	35	-102.20
gain	35	11	-102.20
gain	11	36	-105.02
gain	36	11	-105.02
gain	11	37	-106.65
gain	37	11	-106.65
gain	11	38	-105.30
gain	38	11	-105.30
gain	11	39	-102.69
gain	39	11	-102.69
gain	11	40	-113.25
gain	40	11	-113.25
gain	11	41	-105.65
gain	41	11	-105.65
gain	11	42	-116.99
gain	42	11	-116.99
gain	11	43	-98.43
gain	43	11	-98.43
gain	11	44	-108.15
gain	44	11	-108.15
gain	11	45	-111.85
gain	45	11	-111.85
gain	11	46	-110.23
gain	46	11	-110.23
gain	11	47	-100.63
gain	47	11	-100.63
gain	11	48	-119.29
gain	48	11	-119.29
gain	12	13	-92.49
gain	13	12	-92.49
gain	12	14	-110.32
gain	14	12	-110.32
gain	12	15	-98.67
gain	15	12	-98.67
gain	12	16	-105.94
gain	16	12	-105.94
gain	12	17	-86.03
gain	17	12	-86.03
gain	12	18	-89.88
gain	18	12	-89.88
gain	12	19	-98.57
gain	19	12	-98.57
gain	12	20	-97.90
gain	20	12	-97.90
gain	12	21	-120.84
gain	21	12	-120.84
gain	12	22	-105.32
gain	22	12	-105.32
gain	12	23	-101.98
gain	23	12	-101.98
gain	12	24	-112.80
gain	24	12	-112.80
gain	12	25	-93.17
gain	25	12	-93.17
gain	12	26	-101.76
gain	26	12	-101.76
gain	12	27	-94.16
gain	27	12	-94.16
gain	12	28	-108.55
gain	28	12	-108.55
gain	12	29	-110.50
gain	29	12	-110.50
gain	12	30	-99.94
gain	30	12	-99.94
gain	12	31	-102.52
gain	31	12	-102.52
gain	12	32	-92.77
gain	32	12	-92.77
gain	12	33	-103.12
gain	33	12	-103.12
gain	12	34	-99.24
gain	34	12	-99.24
gain	12	35	-115.81
gain	35	12	-115.81
gain	12	36	-111.27
gain	36	12	-111.27
gain	12	37	-104.65
gain	37	12	-104.65
gain	12	38	-104.45
gain	38	12	-104.45
gain	12	39	-100.28
gain	39	12	-100.28
gain	12	40	-111.24
gain	40	12	-111.24
gain	12	41	-112.80
gain	41	12	-112.80
gain	12	42	-100.19
gain	42	12	-100.19
gain	12	43	-105.48
gain	43	12	-105.48
gain	12	44	-110.61
gain	44	12	-110.61
gain	12	45	-117.33
gain	45	12	-117.33
gain	12	46	-113.77
gain	46	12	-113.77
gain	12	47	-106.33
gain	47	12	-106.33
gain	12	48	-106.39
gain	48	12	-106.39
gain	13	14	-103.72
gain	14	13	-103.72
gain	13	15	-110.28
gain	15	13	-110.28
gain	13	16	-110.98
gain	16	13	-110.98
gain	13	17	-100.60
gain	17	13	-100.60
gain	13	18	-102.60
gain	18	13	-102.60
gain	13	19	-97.70
gain	19	13	-97.70
gain	13	20	-83.41
gain	20	13	-83.41
gain	13	21	-115.53
gain	21	13	-115.53
gain	13	22	-105.90
gain	22	13	-105.90
gain	13	23	-102.81
gain	23	13	-102.81
gain	13	24	-106.39
gain	24	13	-106.39
gain	13	25	-96.51
gain	25	13	-96.51
gain	13	26	-97.90
gain	26	13	-97.90
gain	13	27	-86.54
gain	27	13	-86.54
gain	13	28	-113.30
gain	28	13	-113.30
gain	13	29	-113.21
gain	29	13	-113.21
gain	13	30	-108.68
gain	30	13	-108.68
gain	13	31	-108.37
gain	31	13	-108.37
gain	13	32	-108.60
gain	32	13	-108.60
gain	13	33	-104.23
gain	33	13	-104.23
gain	13	34	-103.32
gain	34	13	-103.32
gain	13	35	-115.50
gain	35	13	-115.50
gain	13	36	-106.88
gain	36	13	-106.88
gain	13	37	-110.55
gain	37	13	-110.55
gain	13	38	-107.86
gain	38	13	-107.86
gain	13	39	-111.19
gain	39	13	-111.19
gain	13	40	-107.77
gain	40	13	-107.77
gain	13	41	-86.15
gain	41	13	-86.15
gain	13	42	-103.99
gain	42	13	-103.99
gain	13	43	-110.35
gain	43	13	-110.35
gain	13	44	-110.64
gain	44	13	-110.64
gain	13	45	-113.98
gain	45	13	-113.98
gain	13	46	-97.85
gain	46	13	-97.85
gain	13	47	-105.26
gain	47	13	-105.26
gain	13	48	-109.57
gain	48	13	-109.57
gain	14	15	-89.53
gain	15	14	-89.53
gain	14	16	-85.35
gain	16	14	-85.35
gain	14	17	-98.93
gain	17	14	-98.93
gain	14	18	-101.08
gain	18	14	-101.08
gain	14	19	-103.10
gain	19	14	-103.10
gain	14	20	-106.82
gain	20	14	-106.82
gain	14	21	-80.76
gain	21	14	-80.76
gain	14	22	-92.32
gain	22	14	-92.32
gain	14	23	-99.99
gain	23	14	-99.99
gain	14	24	-102.59
gain	24	14	-102.59
gain	14	25	-104.31
gain	25	14	-104.31
gain	14	26	-112.13
gain	26	14	-112.13
gain	14	27	-106.27
gain	27	14	-106.27
gain	14	28	-86.03
gain	28	14	-86.03
gain	14	29	-107.37
gain	29	14	-107.37
gain	14	30	-97.09
gain	30	14	-97.09
gain	14	31	-104.98
gain	31	14	-104.98
gain	14	32	-105.80
gain	32	14	-105.80
gain	14	33	-100.46
gain	33	14	-100.46
gain	14	34	-117.45
gain	34	14	-117.45
gain	14	35	-108.50
gain	35	14	-108.50
gain	14	36	-99.46
gain	36	14	-99.46
gain	14	37	-92.60
gain	37	14	-92.60
gain	14	38	-101.67
gain	38	14	-101.67
gain	14	39	-106.47
gain	39	14	-106.47
gain	14	40	-116.97
gain	40	14	-116.97
gain	14	41	-113.87
gain	41	14	-113.87
gain	14	42	-112.37
gain	42	14	-112.37
gain	14	43	-114.75
gain	43	14	-114.75
gain	14	44	-110.45
gain	44	14	-110.45
gain	14	45	-109.59
gain	45	14	-109.59
gain	14	46	-120.32
gain	46	14	-120.32
gain	14	47	-112.86
gain	47	14	-112.86
gain	14	48	-112.94
gain	48	14	-112.94
gain	15	16	-86.57
gain	16	15	-86.57
gain	15	17	-101.78
gain	17	15	-101.78
gain	15	18	-102.49
gain	18	15	-102.49
gain	15	19	-110.87
gain	19	15	-110.87
gain	15	20	-115.08
gain	20	15	-115.08
gain	15	21	-93.26
gain	21	15	-93.26
gain	15	22	-87.62
gain	22	15	-87.62
gain	15	23	-92.09
gain	23	15	-92.09
gain	15	24	-91.10
gain	24	15	-91.10
gain	15	25	-104.15
gain	25	15	-104.15
gain	15	26	-103.45
gain	26	15	-103.45
gain	15	27	-102.17
gain	27	15	-102.17
gain	15	28	-95.44
gain	28	15	-95.44
gain	15	29	-101.61
gain	29	15	-101.61
gain	15	30	-102.94
gain	30	15	-102.94
gain	15	31	-100.29
gain	31	15	-100.29
gain	15	32	-115.33
gain	32	15	-115.33
gain	15	33	-122.09
gain	33	15	-122.09
gain	15	34	-100.23
gain	34	15	-100.23
gain	15	35	-95.52
gain	35	15	-95.52
gain	15	36	-93.11
gain	36	15	-93.11
gain	15	37	-102.00
gain	37	15	-102.00
gain	15	38	-106.05
gain	38	15	-106.05
gain	15	39	-109.96
gain	39	15	-109.96
gain	15	40	-109.73
gain	40	15	-109.73
gain	15	41	-118.22
gain	41	15	-118.22
gain	15	42	-103.06
gain	42	15	-103.06
gain	15	43	-105.28
gain	43	15	-105.28
gain	15	44	-97.80
gain	44	15	-97.80
gain	15	45	-103.49
gain	45	15	-103.49
gain	15	46	-110.55
gain	46	15	-110.55
gain	15	47	-117.19
gain	47	15	-117.19
gain	15	48	-109.70
gain	48	15	-109.70
gain	16	17	-85.53
gain	17	16	-85.53
gain	16	18	-98.74
gain	18	16	-98.74
gain	16	19	-98.76
gain	19	16	-98.76
gain	16	20	-109.47
gain	20	16	-109.47
gain	16	21	-92.75
gain	21	16	-92.75
gain	16	22	-88.87
gain	22	16	-88.87
gain	16	23	-89.92
gain	23	16	-89.92
gain	16	24	-102.43
gain	24	16	-102.43
gain	16	25	-92.54
gain	25	16	-92.54
gain	16	26	-95.91
gain	26	16	-95.91
gain	16	27	-105.09
gain	27	16	-105.09
gain	16	28	-101.96
gain	28	16	-101.96
gain	16	29	-93.86
gain	29	16	-93.86
gain	16	30	-88.69
gain	30	16	-88.69
gain	16	31	-102.16
gain	31	16	-102.16
gain	16	32	-105.13
gain	32	16	-105.13
gain	16	33	-111.14
gain	33	16	-111.14
gain	16	34	-110.74
gain	34	16	-110.74
gain	16	35	-90.96
gain	35	16	-90.96
gain	16	36	-100.00
gain	36	16	-100.00
gain	16	37	-111.41
gain	37	16	-111.41
gain	16	38	-100.24
gain	38	16	-100.24
gain	16	39	-107.39
gain	39	16	-107.39
gain	16	40	-107.62
gain	40	16	-107.62
gain	16	41	-90.05
gain	41	16	-90.05
gain	16	42	-97.62
gain	42	16	-97.62
gain	16	43	-111.99
gain	43	16	-111.99
gain	16	44	-119.75
gain	44	16	-119.75
gain	16	45	-105.39
gain	45	16	-105.39
gain	16	46	-113.25
gain	46	16	-113.25
gain	16	47	-101.90
gain	47	16	-101.90
gain	16	48	-115.17
gain	48	16	-115.17
gain	17	18	-83.51
gain	18	17	-83.51
gain	17	19	-92.81
gain	19	17	-92.81
gain	17	20	-99.56
gain	20	17	-99.56
gain	17	21	-102.06
gain	21	17	-102.06
gain	17	22	-94.08
gain	22	17	-94.08
gain	17	23	-96.62
gain	23	17	-96.62
gain	17	24	-78.85
gain	24	17	-78.85
gain	17	25	-93.43
gain	25	17	-93.43
gain	17	26	-92.54
gain	26	17	-92.54
gain	17	27	-107.02
gain	27	17	-107.02
gain	17	28	-106.77
gain	28	17	-106.77
gain	17	29	-105.18
gain	29	17	-105.18
gain	17	30	-87.86
gain	30	17	-87.86
gain	17	31	-89.62
gain	31	17	-89.62
gain	17	32	-91.95
gain	32	17	-91.95
gain	17	33	-102.09
gain	33	17	-102.09
gain	17	34	-107.23
gain	34	17	-107.23
gain	17	35	-98.79
gain	35	17	-98.79
gain	17	36	-105.02
gain	36	17	-105.02
gain	17	37	-92.90
gain	37	17	-92.90
gain	17	38	-98.75
gain	38	17	-98.75
gain	17	39	-104.34
gain	39	17	-104.34
gain	17	40	-108.33
gain	40	17	-108.33
gain	17	41	-105.79
gain	41	17	-105.79
gain	17	42	-105.43
gain	42	17	-105.43
gain	17	43	-107.31
gain	43	17	-107.31
gain	17	44	-108.73
gain	44	17	-108.73
gain	17	45	-104.23
gain	45	17	-104.23
gain	17	46	-98.08
gain	46	17	-98.08
gain	17	47	-108.14
gain	47	17	-108.14
gain	17	48	-110.66
gain	48	17	-110.66
gain	18	19	-79.91
gain	19	18	-79.91
gain	18	20	-89.86
gain	20	18	-89.86
gain	18	21	-101.16
gain	21	18	-101.16
gain	18	22	-99.24
gain	22	18	-99.24
gain	18	23	-90.27
gain	23	18	-90.27
gain	18	24	-93.94
gain	24	18	-93.94
gain	18	25	-77.75
gain	25	18	-77.75
gain	18	26	-78.38
gain	26	18	-78.38
gain	18	27	-97.23
gain	27	18	-97.23
gain	18	28	-105.02
gain	28	18	-105.02
gain	18	29	-104.91
gain	29	18	-104.91
gain	18	30	-102.29
gain	30	18	-102.29
gain	18	31	-93.49
gain	31	18	-93.49
gain	18	32	-94.59
gain	32	18	-94.59
gain	18	33	-97.55
gain	33	18	-97.55
gain	18	34	-100.29
gain	34	18	-100.29
gain	18	35	-107.26
gain	35	18	-107.26
gain	18	36	-105.31
gain	36	18	-105.31
gain	18	37	-101.10
gain	37	18	-101.10
gain	18	38	-98.30
gain	38	18	-98.30
gain	18	39	-92.52
gain	39	18	-92.52
gain	18	40	-110.11
gain	40	18	-110.11
gain	18	41	-107.42
gain	41	18	-107.42
gain	18	42	-109.85
gain	42	18	-109.85
gain	18	43	-102.32
gain	43	18	-102.32
gain	18	44	-108.72
gain	44	18	-108.72
gain	18	45	-108.76
gain	45	18	-108.76
gain	18	46	-106.15
gain	46	18	-106.15
gain	18	47	-104.68
gain	47	18	-104.68
gain	18	48	-98.21
gain	48	18	-98.21
gain	19	20	-82.68
gain	20	19	-82.68
gain	19	21	-106.90
gain	21	19	-106.90
gain	19	22	-105.91
gain	22	19	-105.91
gain	19	23	-100.54
gain	23	19	-100.54
gain	19	24	-95.51
gain	24	19	-95.51
gain	19	25	-88.18
gain	25	19	-88.18
gain	19	26	-86.38
gain	26	19	-86.38
gain	19	27	-84.47
gain	27	19	-84.47
gain	19	28	-102.18
gain	28	19	-102.18
gain	19	29	-105.65
gain	29	19	-105.65
gain	19	30	-94.28
gain	30	19	-94.28
gain	19	31	-99.72
gain	31	19	-99.72
gain	19	32	-97.27
gain	32	19	-97.27
gain	19	33	-90.33
gain	33	19	-90.33
gain	19	34	-93.13
gain	34	19	-93.13
gain	19	35	-107.24
gain	35	19	-107.24
gain	19	36	-100.35
gain	36	19	-100.35
gain	19	37	-110.42
gain	37	19	-110.42
gain	19	38	-92.02
gain	38	19	-92.02
gain	19	39	-107.04
gain	39	19	-107.04
gain	19	40	-104.43
gain	40	19	-104.43
gain	19	41	-95.57
gain	41	19	-95.57
gain	19	42	-106.51
gain	42	19	-106.51
gain	19	43	-111.44
gain	43	19	-111.44
gain	19	44	-116.35
gain	44	19	-116.35
gain	19	45	-107.87
gain	45	19	-107.87
gain	19	46	-110.70
gain	46	19	-110.70
gain	19	47	-97.10
gain	47	19	-97.10
gain	19	48	-108.09
gain	48	19	-108.09
gain	20	21	-110.26
gain	21	20	-110.26
gain	20	22	-122.79
gain	22	20	-122.79
gain	20	23	-106.40
gain	23	20	-106.40
gain	20	24	-99.62
gain	24	20	-99.62
gain	20	25	-94.20
gain	25	20	-94.20
gain	20	26	-81.51
gain	26	20	-81.51
gain	20	27	-86.17
gain	27	20	-86.17
gain	20	28	-105.96
gain	28	20	-105.96
gain	20	29	-113.82
gain	29	20	-113.82
gain	20	30	-99.71
gain	30	20	-99.71
gain	20	31	-106.90
gain	31	20	-106.90
gain	20	32	-90.81
gain	32	20	-90.81
gain	20	33	-104.64
gain	33	20	-104.64
gain	20	34	-94.05
gain	34	20	-94.05
gain	20	35	-115.58
gain	35	20	-115.58
gain	20	36	-108.76
gain	36	20	-108.76
gain	20	37	-109.62
gain	37	20	-109.62
gain	20	38	-113.53
gain	38	20	-113.53
gain	20	39	-94.48
gain	39	20	-94.48
gain	20	40	-100.41
gain	40	20	-100.41
gain	20	41	-103.68
gain	41	20	-103.68
gain	20	42	-106.95
gain	42	20	-106.95
gain	20	43	-108.14
gain	43	20	-108.14
gain	20	44	-114.14
gain	44	20	-114.14
gain	20	45	-108.10
gain	45	20	-108.10
gain	20	46	-108.95
gain	46	20	-108.95
gain	20	47	-101.52
gain	47	20	-101.52
gain	20	48	-103.69
gain	48	20	-103.69
gain	21	22	-81.80
gain	22	21	-81.80
gain	21	23	-89.38
gain	23	21	-89.38
gain	21	24	-96.11
gain	24	21	-96.11
gain	21	25	-102.38
gain	25	21	-102.38
gain	21	26	-101.10
gain	26	21	-101.10
gain	21	27	-107.00
gain	27	21	-107.00
gain	21	28	-80.43
gain	28	21	-80.43
gain	21	29	-92.65
gain	29	21	-92.65
gain	21	30	-94.31
gain	30	21	-94.31
gain	21	31	-102.06
gain	31	21	-102.06
gain	21	32	-105.42
gain	32	21	-105.42
gain	21	33	-108.60
gain	33	21	-108.60
gain	21	34	-96.36
gain	34	21	-96.36
gain	21	35	-101.90
gain	35	21	-101.90
gain	21	36	-93.20
gain	36	21	-93.20
gain	21	37	-99.04
gain	37	21	-99.04
gain	21	38	-105.44
gain	38	21	-105.44
gain	21	39	-99.43
gain	39	21	-99.43
gain	21	40	-120.77
gain	40	21	-120.77
gain	21	41	-115.79
gain	41	21	-115.79
gain	21	42	-102.90
gain	42	21	-102.90
gain	21	43	-110.62
gain	43	21	-110.62
gain	21	44	-103.65
gain	44	21	-103.65
gain	21	45	-103.48
gain	45	21	-103.48
gain	21	46	-108.71
gain	46	21	-108.71
gain	21	47	-114.42
gain	47	21	-114.42
gain	21	48	-115.94
gain	48	21	-115.94
gain	22	23	-91.62
gain	23	22	-91.62
gain	22	24	-86.06
gain	24	22	-86.06
gain	22	25	-100.27
gain	25	22	-100.27
gain	22	26	-107.15
gain	26	22	-107.15
gain	22	27	-107.68
gain	27	22	-107.68
gain	22	28	-96.91
gain	28	22	-96.91
gain	22	29	-78.25
gain	29	22	-78.25
gain	22	30	-76.26
gain	30	22	-76.26
gain	22	31	-86.77
gain	31	22	-86.77
gain	22	32	-98.76
gain	32	22	-98.76
gain	22	33	-110.79
gain	33	22	-110.79
gain	22	34	-110.36
gain	34	22	-110.36
gain	22	35	-100.36
gain	35	22	-100.36
gain	22	36	-100.81
gain	36	22	-100.81
gain	22	37	-106.25
gain	37	22	-106.25
gain	22	38	-104.17
gain	38	22	-104.17
gain	22	39	-94.56
gain	39	22	-94.56
gain	22	40	-104.43
gain	40	22	-104.43
gain	22	41	-109.11
gain	41	22	-109.11
gain	22	42	-102.08
gain	42	22	-102.08
gain	22	43	-100.34
gain	43	22	-100.34
gain	22	44	-102.42
gain	44	22	-102.42
gain	22	45	-109.10
gain	45	22	-109.10
gain	22	46	-109.22
gain	46	22	-109.22
gain	22	47	-107.28
gain	47	22	-107.28
gain	22	48	-107.45
gain	48	22	-107.45
gain	23	24	-83.69
gain	24	23	-83.69
gain	23	25	-92.85
gain	25	23	-92.85
gain	23	26	-96.30
gain	26	23	-96.30
gain	23	27	-98.69
gain	27	23	-98.69
gain	23	28	-111.56
gain	28	23	-111.56
gain	23	29	-87.58
gain	29	23	-87.58
gain	23	30	-77.62
gain	30	23	-77.62
gain	23	31	-94.44
gain	31	23	-94.44
gain	23	32	-90.00
gain	32	23	-90.00
gain	23	33	-94.84
gain	33	23	-94.84
gain	23	34	-112.02
gain	34	23	-112.02
gain	23	35	-100.77
gain	35	23	-100.77
gain	23	36	-97.78
gain	36	23	-97.78
gain	23	37	-87.00
gain	37	23	-87.00
gain	23	38	-92.00
gain	38	23	-92.00
gain	23	39	-107.91
gain	39	23	-107.91
gain	23	40	-107.74
gain	40	23	-107.74
gain	23	41	-111.72
gain	41	23	-111.72
gain	23	42	-102.39
gain	42	23	-102.39
gain	23	43	-113.37
gain	43	23	-113.37
gain	23	44	-96.92
gain	44	23	-96.92
gain	23	45	-94.67
gain	45	23	-94.67
gain	23	46	-104.15
gain	46	23	-104.15
gain	23	47	-102.88
gain	47	23	-102.88
gain	23	48	-104.38
gain	48	23	-104.38
gain	24	25	-82.28
gain	25	24	-82.28
gain	24	26	-99.94
gain	26	24	-99.94
gain	24	27	-94.83
gain	27	24	-94.83
gain	24	28	-103.46
gain	28	24	-103.46
gain	24	29	-99.43
gain	29	24	-99.43
gain	24	30	-86.93
gain	30	24	-86.93
gain	24	31	-78.35
gain	31	24	-78.35
gain	24	32	-86.17
gain	32	24	-86.17
gain	24	33	-98.81
gain	33	24	-98.81
gain	24	34	-113.66
gain	34	24	-113.66
gain	24	35	-112.53
gain	35	24	-112.53
gain	24	36	-106.09
gain	36	24	-106.09
gain	24	37	-101.46
gain	37	24	-101.46
gain	24	38	-94.96
gain	38	24	-94.96
gain	24	39	-97.96
gain	39	24	-97.96
gain	24	40	-102.82
gain	40	24	-102.82
gain	24	41	-103.03
gain	41	24	-103.03
gain	24	42	-103.07
gain	42	24	-103.07
gain	24	43	-107.61
gain	43	24	-107.61
gain	24	44	-103.68
gain	44	24	-103.68
gain	24	45	-99.84
gain	45	24	-99.84
gain	24	46	-95.18
gain	46	24	-95.18
gain	24	47	-98.64
gain	47	24	-98.64
gain	24	48	-112.65
gain	48	24	-112.65
gain	25	26	-92.74
gain	26	25	-92.74
gain	25	27	-93.00
gain	27	25	-93.00
gain	25	28	-108.98
gain	28	25	-108.98
gain	25	29	-91.90
gain	29	25	-91.90
gain	25	30	-96.69
gain	30	25	-96.69
gain	25	31	-90.58
gain	31	25	-90.58
gain	25	32	-81.81
gain	32	25	-81.81
gain	25	33	-94.70
gain	33	25	-94.70
gain	25	34	-87.81
gain	34	25	-87.81
gain	25	35	-108.27
gain	35	25	-108.27
gain	25	36	-98.79
gain	36	25	-98.79
gain	25	37	-108.58
gain	37	25	-108.58
gain	25	38	-100.37
gain	38	25	-100.37
gain	25	39	-88.91
gain	39	25	-88.91
gain	25	40	-93.16
gain	40	25	-93.16
gain	25	41	-91.37
gain	41	25	-91.37
gain	25	42	-109.18
gain	42	25	-109.18
gain	25	43	-104.08
gain	43	25	-104.08
gain	25	44	-105.68
gain	44	25	-105.68
gain	25	45	-97.94
gain	45	25	-97.94
gain	25	46	-108.03
gain	46	25	-108.03
gain	25	47	-111.04
gain	47	25	-111.04
gain	25	48	-99.95
gain	48	25	-99.95
gain	26	27	-79.57
gain	27	26	-79.57
gain	26	28	-110.86
gain	28	26	-110.86
gain	26	29	-111.40
gain	29	26	-111.40
gain	26	30	-83.35
gain	30	26	-83.35
gain	26	31	-99.19
gain	31	26	-99.19
gain	26	32	-93.15
gain	32	26	-93.15
gain	26	33	-88.08
gain	33	26	-88.08
gain	26	34	-94.15
gain	34	26	-94.15
gain	26	35	-115.71
gain	35	26	-115.71
gain	26	36	-100.20
gain	36	26	-100.20
gain	26	37	-101.78
gain	37	26	-101.78
gain	26	38	-104.60
gain	38	26	-104.60
gain	26	39	-102.07
gain	39	26	-102.07
gain	26	40	-89.79
gain	40	26	-89.79
gain	26	41	-91.74
gain	41	26	-91.74
gain	26	42	-111.27
gain	42	26	-111.27
gain	26	43	-108.83
gain	43	26	-108.83
gain	26	44	-111.22
gain	44	26	-111.22
gain	26	45	-91.56
gain	45	26	-91.56
gain	26	46	-95.58
gain	46	26	-95.58
gain	26	47	-100.83
gain	47	26	-100.83
gain	26	48	-109.76
gain	48	26	-109.76
gain	27	28	-102.89
gain	28	27	-102.89
gain	27	29	-98.38
gain	29	27	-98.38
gain	27	30	-105.09
gain	30	27	-105.09
gain	27	31	-102.68
gain	31	27	-102.68
gain	27	32	-102.36
gain	32	27	-102.36
gain	27	33	-89.99
gain	33	27	-89.99
gain	27	34	-83.70
gain	34	27	-83.70
gain	27	35	-105.86
gain	35	27	-105.86
gain	27	36	-114.06
gain	36	27	-114.06
gain	27	37	-95.16
gain	37	27	-95.16
gain	27	38	-96.60
gain	38	27	-96.60
gain	27	39	-108.27
gain	39	27	-108.27
gain	27	40	-87.01
gain	40	27	-87.01
gain	27	41	-100.31
gain	41	27	-100.31
gain	27	42	-108.79
gain	42	27	-108.79
gain	27	43	-98.20
gain	43	27	-98.20
gain	27	44	-103.53
gain	44	27	-103.53
gain	27	45	-105.87
gain	45	27	-105.87
gain	27	46	-97.53
gain	46	27	-97.53
gain	27	47	-100.37
gain	47	27	-100.37
gain	27	48	-95.58
gain	48	27	-95.58
gain	28	29	-82.81
gain	29	28	-82.81
gain	28	30	-98.96
gain	30	28	-98.96
gain	28	31	-114.47
gain	31	28	-114.47
gain	28	32	-103.47
gain	32	28	-103.47
gain	28	33	-115.39
gain	33	28	-115.39
gain	28	34	-111.28
gain	34	28	-111.28
gain	28	35	-80.59
gain	35	28	-80.59
gain	28	36	-80.46
gain	36	28	-80.46
gain	28	37	-96.44
gain	37	28	-96.44
gain	28	38	-105.39
gain	38	28	-105.39
gain	28	39	-107.97
gain	39	28	-107.97
gain	28	40	-108.97
gain	40	28	-108.97
gain	28	41	-107.46
gain	41	28	-107.46
gain	28	42	-92.20
gain	42	28	-92.20
gain	28	43	-86.30
gain	43	28	-86.30
gain	28	44	-98.58
gain	44	28	-98.58
gain	28	45	-101.91
gain	45	28	-101.91
gain	28	46	-107.35
gain	46	28	-107.35
gain	28	47	-103.57
gain	47	28	-103.57
gain	28	48	-102.79
gain	48	28	-102.79
gain	29	30	-85.71
gain	30	29	-85.71
gain	29	31	-105.73
gain	31	29	-105.73
gain	29	32	-95.44
gain	32	29	-95.44
gain	29	33	-107.67
gain	33	29	-107.67
gain	29	34	-111.03
gain	34	29	-111.03
gain	29	35	-94.26
gain	35	29	-94.26
gain	29	36	-91.03
gain	36	29	-91.03
gain	29	37	-88.58
gain	37	29	-88.58
gain	29	38	-96.90
gain	38	29	-96.90
gain	29	39	-107.15
gain	39	29	-107.15
gain	29	40	-105.29
gain	40	29	-105.29
gain	29	41	-107.73
gain	41	29	-107.73
gain	29	42	-96.05
gain	42	29	-96.05
gain	29	43	-104.94
gain	43	29	-104.94
gain	29	44	-108.52
gain	44	29	-108.52
gain	29	45	-109.31
gain	45	29	-109.31
gain	29	46	-109.01
gain	46	29	-109.01
gain	29	47	-113.20
gain	47	29	-113.20
gain	29	48	-106.02
gain	48	29	-106.02
gain	30	31	-86.41
gain	31	30	-86.41
gain	30	32	-87.38
gain	32	30	-87.38
gain	30	33	-95.39
gain	33	30	-95.39
gain	30	34	-106.33
gain	34	30	-106.33
gain	30	35	-100.69
gain	35	30	-100.69
gain	30	36	-97.54
gain	36	30	-97.54
gain	30	37	-65.00
gain	37	30	-65.00
gain	30	38	-88.04
gain	38	30	-88.04
gain	30	39	-95.64
gain	39	30	-95.64
gain	30	40	-103.29
gain	40	30	-103.29
gain	30	41	-96.47
gain	41	30	-96.47
gain	30	42	-100.92
gain	42	30	-100.92
gain	30	43	-94.11
gain	43	30	-94.11
gain	30	44	-91.14
gain	44	30	-91.14
gain	30	45	-92.72
gain	45	30	-92.72
gain	30	46	-100.41
gain	46	30	-100.41
gain	30	47	-103.03
gain	47	30	-103.03
gain	30	48	-108.96
gain	48	30	-108.96
gain	31	32	-94.94
gain	32	31	-94.94
gain	31	33	-105.23
gain	33	31	-105.23
gain	31	34	-99.52
gain	34	31	-99.52
gain	31	35	-99.47
gain	35	31	-99.47
gain	31	36	-95.56
gain	36	31	-95.56
gain	31	37	-90.35
gain	37	31	-90.35
gain	31	38	-68.25
gain	38	31	-68.25
gain	31	39	-73.53
gain	39	31	-73.53
gain	31	40	-101.76
gain	40	31	-101.76
gain	31	41	-108.26
gain	41	31	-108.26
gain	31	42	-116.26
gain	42	31	-116.26
gain	31	43	-103.76
gain	43	31	-103.76
gain	31	44	-98.50
gain	44	31	-98.50
gain	31	45	-96.25
gain	45	31	-96.25
gain	31	46	-84.87
gain	46	31	-84.87
gain	31	47	-103.34
gain	47	31	-103.34
gain	31	48	-107.91
gain	48	31	-107.91
gain	32	33	-87.63
gain	33	32	-87.63
gain	32	34	-91.54
gain	34	32	-91.54
gain	32	35	-97.35
gain	35	32	-97.35
gain	32	36	-95.68
gain	36	32	-95.68
gain	32	37	-88.90
gain	37	32	-88.90
gain	32	38	-85.62
gain	38	32	-85.62
gain	32	39	-83.75
gain	39	32	-83.75
gain	32	40	-92.07
gain	40	32	-92.07
gain	32	41	-108.39
gain	41	32	-108.39
gain	32	42	-107.78
gain	42	32	-107.78
gain	32	43	-93.29
gain	43	32	-93.29
gain	32	44	-88.29
gain	44	32	-88.29
gain	32	45	-97.14
gain	45	32	-97.14
gain	32	46	-100.93
gain	46	32	-100.93
gain	32	47	-90.08
gain	47	32	-90.08
gain	32	48	-98.91
gain	48	32	-98.91
gain	33	34	-90.08
gain	34	33	-90.08
gain	33	35	-99.77
gain	35	33	-99.77
gain	33	36	-104.98
gain	36	33	-104.98
gain	33	37	-102.00
gain	37	33	-102.00
gain	33	38	-102.67
gain	38	33	-102.67
gain	33	39	-89.26
gain	39	33	-89.26
gain	33	40	-85.89
gain	40	33	-85.89
gain	33	41	-95.47
gain	41	33	-95.47
gain	33	42	-112.12
gain	42	33	-112.12
gain	33	43	-106.09
gain	43	33	-106.09
gain	33	44	-116.96
gain	44	33	-116.96
gain	33	45	-93.76
gain	45	33	-93.76
gain	33	46	-96.36
gain	46	33	-96.36
gain	33	47	-88.97
gain	47	33	-88.97
gain	33	48	-92.28
gain	48	33	-92.28
gain	34	35	-119.19
gain	35	34	-119.19
gain	34	36	-105.79
gain	36	34	-105.79
gain	34	37	-104.88
gain	37	34	-104.88
gain	34	38	-87.92
gain	38	34	-87.92
gain	34	39	-94.85
gain	39	34	-94.85
gain	34	40	-95.18
gain	40	34	-95.18
gain	34	41	-90.19
gain	41	34	-90.19
gain	34	42	-118.60
gain	42	34	-118.60
gain	34	43	-99.76
gain	43	34	-99.76
gain	34	44	-101.70
gain	44	34	-101.70
gain	34	45	-101.30
gain	45	34	-101.30
gain	34	46	-95.51
gain	46	34	-95.51
gain	34	47	-96.07
gain	47	34	-96.07
gain	34	48	-95.77
gain	48	34	-95.77
gain	35	36	-84.01
gain	36	35	-84.01
gain	35	37	-93.58
gain	37	35	-93.58
gain	35	38	-100.23
gain	38	35	-100.23
gain	35	39	-107.64
gain	39	35	-107.64
gain	35	40	-113.62
gain	40	35	-113.62
gain	35	41	-105.10
gain	41	35	-105.10
gain	35	42	-81.55
gain	42	35	-81.55
gain	35	43	-89.83
gain	43	35	-89.83
gain	35	44	-104.17
gain	44	35	-104.17
gain	35	45	-105.39
gain	45	35	-105.39
gain	35	46	-115.39
gain	46	35	-115.39
gain	35	47	-109.29
gain	47	35	-109.29
gain	35	48	-113.66
gain	48	35	-113.66
gain	36	37	-87.49
gain	37	36	-87.49
