gain	0	1	-78.31
gain	1	0	-78.31
gain	0	2	-103.23
gain	2	0	-103.23
gain	0	3	-89.22
gain	3	0	-89.22
gain	0	4	-99.06
gain	4	0	-99.06
gain	0	5	-105.01
gain	5	0	-105.01
gain	0	6	-111.06
gain	6	0	-111.06
gain	0	7	-77.87
gain	7	0	-77.87
gain	0	8	-81.05
gain	8	0	-81.05
gain	0	9	-101.21
gain	9	0	-101.21
gain	0	10	-104.44
gain	10	0	-104.44
gain	0	11	-100.59
gain	11	0	-100.59
gain	0	12	-100.92
gain	12	0	-100.92
gain	0	13	-111.95
gain	13	0	-111.95
gain	0	14	-97.59
gain	14	0	-97.59
gain	0	15	-96.11
gain	15	0	-96.11
gain	0	16	-98.05
gain	16	0	-98.05
gain	0	17	-96.34
gain	17	0	-96.34
gain	0	18	-104.77
gain	18	0	-104.77
gain	0	19	-110.53
gain	19	0	-110.53
gain	0	20	-108.69
gain	20	0	-108.69
gain	0	21	-106.75
gain	21	0	-106.75
gain	0	22	-94.35
gain	22	0	-94.35
gain	0	23	-94.00
gain	23	0	-94.00
gain	0	24	-107.76
gain	24	0	-107.76
gain	0	25	-103.66
gain	25	0	-103.66
gain	0	26	-114.96
gain	26	0	-114.96
gain	0	27	-113.57
gain	27	0	-113.57
gain	0	28	-104.95
gain	28	0	-104.95
gain	0	29	-110.63
gain	29	0	-110.63
gain	0	30	-105.52
gain	30	0	-105.52
gain	0	31	-103.95
gain	31	0	-103.95
gain	0	32	-119.90
gain	32	0	-119.90
gain	0	33	-109.84
gain	33	0	-109.84
gain	0	34	-114.84
gain	34	0	-114.84
gain	0	35	-105.45
gain	35	0	-105.45
gain	0	36	-112.91
gain	36	0	-112.91
gain	0	37	-107.68
gain	37	0	-107.68
gain	0	38	-117.24
gain	38	0	-117.24
gain	0	39	-125.63
gain	39	0	-125.63
gain	0	40	-111.08
gain	40	0	-111.08
gain	0	41	-120.20
gain	41	0	-120.20
gain	0	42	-111.76
gain	42	0	-111.76
gain	0	43	-109.72
gain	43	0	-109.72
gain	0	44	-109.71
gain	44	0	-109.71
gain	0	45	-113.23
gain	45	0	-113.23
gain	0	46	-118.56
gain	46	0	-118.56
gain	0	47	-118.58
gain	47	0	-118.58
gain	0	48	-110.54
gain	48	0	-110.54
gain	1	2	-82.57
gain	2	1	-82.57
gain	1	3	-81.72
gain	3	1	-81.72
gain	1	4	-100.09
gain	4	1	-100.09
gain	1	5	-94.49
gain	5	1	-94.49
gain	1	6	-104.83
gain	6	1	-104.83
gain	1	7	-86.80
gain	7	1	-86.80
gain	1	8	-86.38
gain	8	1	-86.38
gain	1	9	-85.45
gain	9	1	-85.45
gain	1	10	-96.40
gain	10	1	-96.40
gain	1	11	-93.77
gain	11	1	-93.77
gain	1	12	-104.05
gain	12	1	-104.05
gain	1	13	-103.57
gain	13	1	-103.57
gain	1	14	-102.89
gain	14	1	-102.89
gain	1	15	-101.89
gain	15	1	-101.89
gain	1	16	-110.57
gain	16	1	-110.57
gain	1	17	-97.95
gain	17	1	-97.95
gain	1	18	-100.06
gain	18	1	-100.06
gain	1	19	-102.00
gain	19	1	-102.00
gain	1	20	-112.31
gain	20	1	-112.31
gain	1	21	-111.68
gain	21	1	-111.68
gain	1	22	-99.82
gain	22	1	-99.82
gain	1	23	-100.05
gain	23	1	-100.05
gain	1	24	-107.03
gain	24	1	-107.03
gain	1	25	-112.84
gain	25	1	-112.84
gain	1	26	-105.79
gain	26	1	-105.79
gain	1	27	-111.39
gain	27	1	-111.39
gain	1	28	-97.41
gain	28	1	-97.41
gain	1	29	-106.57
gain	29	1	-106.57
gain	1	30	-104.92
gain	30	1	-104.92
gain	1	31	-101.60
gain	31	1	-101.60
gain	1	32	-109.12
gain	32	1	-109.12
gain	1	33	-98.67
gain	33	1	-98.67
gain	1	34	-107.69
gain	34	1	-107.69
gain	1	35	-109.84
gain	35	1	-109.84
gain	1	36	-107.55
gain	36	1	-107.55
gain	1	37	-109.30
gain	37	1	-109.30
gain	1	38	-113.97
gain	38	1	-113.97
gain	1	39	-119.25
gain	39	1	-119.25
gain	1	40	-111.38
gain	40	1	-111.38
gain	1	41	-112.18
gain	41	1	-112.18
gain	1	42	-114.45
gain	42	1	-114.45
gain	1	43	-107.26
gain	43	1	-107.26
gain	1	44	-98.66
gain	44	1	-98.66
gain	1	45	-112.04
gain	45	1	-112.04
gain	1	46	-120.30
gain	46	1	-120.30
gain	1	47	-117.04
gain	47	1	-117.04
gain	1	48	-112.41
gain	48	1	-112.41
gain	2	3	-93.71
gain	3	2	-93.71
gain	2	4	-87.90
gain	4	2	-87.90
gain	2	5	-93.87
gain	5	2	-93.87
gain	2	6	-101.50
gain	6	2	-101.50
gain	2	7	-86.46
gain	7	2	-86.46
gain	2	8	-87.78
gain	8	2	-87.78
gain	2	9	-82.31
gain	9	2	-82.31
gain	2	10	-86.18
gain	10	2	-86.18
gain	2	11	-90.15
gain	11	2	-90.15
gain	2	12	-89.04
gain	12	2	-89.04
gain	2	13	-99.50
gain	13	2	-99.50
gain	2	14	-107.49
gain	14	2	-107.49
gain	2	15	-93.32
gain	15	2	-93.32
gain	2	16	-92.27
gain	16	2	-92.27
gain	2	17	-102.26
gain	17	2	-102.26
gain	2	18	-97.55
gain	18	2	-97.55
gain	2	19	-97.12
gain	19	2	-97.12
gain	2	20	-104.99
gain	20	2	-104.99
gain	2	21	-112.06
gain	21	2	-112.06
gain	2	22	-102.70
gain	22	2	-102.70
gain	2	23	-92.82
gain	23	2	-92.82
gain	2	24	-101.47
gain	24	2	-101.47
gain	2	25	-93.27
gain	25	2	-93.27
gain	2	26	-109.76
gain	26	2	-109.76
gain	2	27	-106.09
gain	27	2	-106.09
gain	2	28	-102.43
gain	28	2	-102.43
gain	2	29	-100.39
gain	29	2	-100.39
gain	2	30	-109.54
gain	30	2	-109.54
gain	2	31	-116.24
gain	31	2	-116.24
gain	2	32	-107.26
gain	32	2	-107.26
gain	2	33	-112.87
gain	33	2	-112.87
gain	2	34	-110.86
gain	34	2	-110.86
gain	2	35	-116.79
gain	35	2	-116.79
gain	2	36	-105.51
gain	36	2	-105.51
gain	2	37	-99.88
gain	37	2	-99.88
gain	2	38	-109.39
gain	38	2	-109.39
gain	2	39	-113.23
gain	39	2	-113.23
gain	2	40	-108.98
gain	40	2	-108.98
gain	2	41	-116.13
gain	41	2	-116.13
gain	2	42	-108.36
gain	42	2	-108.36
gain	2	43	-106.99
gain	43	2	-106.99
gain	2	44	-114.93
gain	44	2	-114.93
gain	2	45	-105.05
gain	45	2	-105.05
gain	2	46	-114.65
gain	46	2	-114.65
gain	2	47	-100.02
gain	47	2	-100.02
gain	2	48	-111.55
gain	48	2	-111.55
gain	3	4	-81.37
gain	4	3	-81.37
gain	3	5	-97.03
gain	5	3	-97.03
gain	3	6	-97.01
gain	6	3	-97.01
gain	3	7	-98.10
gain	7	3	-98.10
gain	3	8	-96.67
gain	8	3	-96.67
gain	3	9	-80.20
gain	9	3	-80.20
gain	3	10	-85.93
gain	10	3	-85.93
gain	3	11	-96.75
gain	11	3	-96.75
gain	3	12	-101.85
gain	12	3	-101.85
gain	3	13	-105.48
gain	13	3	-105.48
gain	3	14	-101.96
gain	14	3	-101.96
gain	3	15	-104.33
gain	15	3	-104.33
gain	3	16	-99.43
gain	16	3	-99.43
gain	3	17	-88.18
gain	17	3	-88.18
gain	3	18	-87.89
gain	18	3	-87.89
gain	3	19	-100.32
gain	19	3	-100.32
gain	3	20	-111.07
gain	20	3	-111.07
gain	3	21	-104.78
gain	21	3	-104.78
gain	3	22	-99.27
gain	22	3	-99.27
gain	3	23	-100.16
gain	23	3	-100.16
gain	3	24	-100.41
gain	24	3	-100.41
gain	3	25	-102.54
gain	25	3	-102.54
gain	3	26	-102.52
gain	26	3	-102.52
gain	3	27	-107.37
gain	27	3	-107.37
gain	3	28	-107.41
gain	28	3	-107.41
gain	3	29	-110.47
gain	29	3	-110.47
gain	3	30	-110.38
gain	30	3	-110.38
gain	3	31	-101.04
gain	31	3	-101.04
gain	3	32	-108.14
gain	32	3	-108.14
gain	3	33	-102.41
gain	33	3	-102.41
gain	3	34	-107.09
gain	34	3	-107.09
gain	3	35	-105.23
gain	35	3	-105.23
gain	3	36	-107.70
gain	36	3	-107.70
gain	3	37	-111.99
gain	37	3	-111.99
gain	3	38	-104.42
gain	38	3	-104.42
gain	3	39	-112.69
gain	39	3	-112.69
gain	3	40	-112.89
gain	40	3	-112.89
gain	3	41	-109.37
gain	41	3	-109.37
gain	3	42	-102.56
gain	42	3	-102.56
gain	3	43	-105.85
gain	43	3	-105.85
gain	3	44	-112.52
gain	44	3	-112.52
gain	3	45	-116.77
gain	45	3	-116.77
gain	3	46	-100.29
gain	46	3	-100.29
gain	3	47	-109.93
gain	47	3	-109.93
gain	3	48	-115.43
gain	48	3	-115.43
gain	4	5	-76.20
gain	5	4	-76.20
gain	4	6	-97.15
gain	6	4	-97.15
gain	4	7	-104.21
gain	7	4	-104.21
gain	4	8	-100.96
gain	8	4	-100.96
gain	4	9	-104.01
gain	9	4	-104.01
gain	4	10	-90.62
gain	10	4	-90.62
gain	4	11	-83.25
gain	11	4	-83.25
gain	4	12	-96.28
gain	12	4	-96.28
gain	4	13	-98.39
gain	13	4	-98.39
gain	4	14	-116.35
gain	14	4	-116.35
gain	4	15	-100.97
gain	15	4	-100.97
gain	4	16	-93.07
gain	16	4	-93.07
gain	4	17	-95.28
gain	17	4	-95.28
gain	4	18	-95.54
gain	18	4	-95.54
gain	4	19	-97.33
gain	19	4	-97.33
gain	4	20	-102.12
gain	20	4	-102.12
gain	4	21	-100.10
gain	21	4	-100.10
gain	4	22	-97.92
gain	22	4	-97.92
gain	4	23	-106.01
gain	23	4	-106.01
gain	4	24	-100.86
gain	24	4	-100.86
gain	4	25	-99.35
gain	25	4	-99.35
gain	4	26	-98.23
gain	26	4	-98.23
gain	4	27	-100.08
gain	27	4	-100.08
gain	4	28	-110.47
gain	28	4	-110.47
gain	4	29	-102.64
gain	29	4	-102.64
gain	4	30	-109.18
gain	30	4	-109.18
gain	4	31	-111.49
gain	31	4	-111.49
gain	4	32	-98.90
gain	32	4	-98.90
gain	4	33	-99.38
gain	33	4	-99.38
gain	4	34	-96.77
gain	34	4	-96.77
gain	4	35	-114.91
gain	35	4	-114.91
gain	4	36	-111.95
gain	36	4	-111.95
gain	4	37	-107.49
gain	37	4	-107.49
gain	4	38	-99.97
gain	38	4	-99.97
gain	4	39	-118.68
gain	39	4	-118.68
gain	4	40	-97.05
gain	40	4	-97.05
gain	4	41	-112.55
gain	41	4	-112.55
gain	4	42	-119.33
gain	42	4	-119.33
gain	4	43	-111.52
gain	43	4	-111.52
gain	4	44	-120.44
gain	44	4	-120.44
gain	4	45	-106.73
gain	45	4	-106.73
gain	4	46	-112.00
gain	46	4	-112.00
gain	4	47	-117.21
gain	47	4	-117.21
gain	4	48	-114.57
gain	48	4	-114.57
gain	5	6	-87.73
gain	6	5	-87.73
gain	5	7	-111.52
gain	7	5	-111.52
gain	5	8	-111.39
gain	8	5	-111.39
gain	5	9	-105.84
gain	9	5	-105.84
gain	5	10	-96.66
gain	10	5	-96.66
gain	5	11	-94.62
gain	11	5	-94.62
gain	5	12	-83.07
gain	12	5	-83.07
gain	5	13	-84.82
gain	13	5	-84.82
gain	5	14	-107.19
gain	14	5	-107.19
gain	5	15	-107.98
gain	15	5	-107.98
gain	5	16	-106.85
gain	16	5	-106.85
gain	5	17	-109.97
gain	17	5	-109.97
gain	5	18	-100.84
gain	18	5	-100.84
gain	5	19	-95.78
gain	19	5	-95.78
gain	5	20	-98.37
gain	20	5	-98.37
gain	5	21	-110.58
gain	21	5	-110.58
gain	5	22	-101.57
gain	22	5	-101.57
gain	5	23	-101.34
gain	23	5	-101.34
gain	5	24	-102.66
gain	24	5	-102.66
gain	5	25	-108.36
gain	25	5	-108.36
gain	5	26	-101.99
gain	26	5	-101.99
gain	5	27	-95.57
gain	27	5	-95.57
gain	5	28	-111.37
gain	28	5	-111.37
gain	5	29	-118.37
gain	29	5	-118.37
gain	5	30	-106.32
gain	30	5	-106.32
gain	5	31	-112.34
gain	31	5	-112.34
gain	5	32	-114.75
gain	32	5	-114.75
gain	5	33	-101.51
gain	33	5	-101.51
gain	5	34	-96.97
gain	34	5	-96.97
gain	5	35	-115.29
gain	35	5	-115.29
gain	5	36	-109.97
gain	36	5	-109.97
gain	5	37	-102.56
gain	37	5	-102.56
gain	5	38	-120.80
gain	38	5	-120.80
gain	5	39	-114.20
gain	39	5	-114.20
gain	5	40	-102.82
gain	40	5	-102.82
gain	5	41	-111.11
gain	41	5	-111.11
gain	5	42	-114.67
gain	42	5	-114.67
gain	5	43	-105.67
gain	43	5	-105.67
gain	5	44	-113.61
gain	44	5	-113.61
gain	5	45	-112.58
gain	45	5	-112.58
gain	5	46	-111.31
gain	46	5	-111.31
gain	5	47	-105.82
gain	47	5	-105.82
gain	5	48	-121.37
gain	48	5	-121.37
gain	6	7	-110.87
gain	7	6	-110.87
gain	6	8	-101.64
gain	8	6	-101.64
gain	6	9	-105.35
gain	9	6	-105.35
gain	6	10	-102.30
gain	10	6	-102.30
gain	6	11	-94.45
gain	11	6	-94.45
gain	6	12	-85.62
gain	12	6	-85.62
gain	6	13	-89.52
gain	13	6	-89.52
gain	6	14	-109.59
gain	14	6	-109.59
gain	6	15	-116.52
gain	15	6	-116.52
gain	6	16	-103.03
gain	16	6	-103.03
gain	6	17	-99.14
gain	17	6	-99.14
gain	6	18	-99.72
gain	18	6	-99.72
gain	6	19	-89.12
gain	19	6	-89.12
gain	6	20	-92.92
gain	20	6	-92.92
gain	6	21	-109.84
gain	21	6	-109.84
gain	6	22	-119.71
gain	22	6	-119.71
gain	6	23	-102.41
gain	23	6	-102.41
gain	6	24	-106.66
gain	24	6	-106.66
gain	6	25	-98.99
gain	25	6	-98.99
gain	6	26	-98.02
gain	26	6	-98.02
gain	6	27	-104.76
gain	27	6	-104.76
gain	6	28	-111.59
gain	28	6	-111.59
gain	6	29	-108.09
gain	29	6	-108.09
gain	6	30	-102.84
gain	30	6	-102.84
gain	6	31	-106.39
gain	31	6	-106.39
gain	6	32	-105.03
gain	32	6	-105.03
gain	6	33	-107.78
gain	33	6	-107.78
gain	6	34	-100.07
gain	34	6	-100.07
gain	6	35	-112.20
gain	35	6	-112.20
gain	6	36	-109.31
gain	36	6	-109.31
gain	6	37	-119.10
gain	37	6	-119.10
gain	6	38	-111.00
gain	38	6	-111.00
gain	6	39	-107.47
gain	39	6	-107.47
gain	6	40	-115.60
gain	40	6	-115.60
gain	6	41	-113.18
gain	41	6	-113.18
gain	6	42	-118.81
gain	42	6	-118.81
gain	6	43	-116.07
gain	43	6	-116.07
gain	6	44	-109.85
gain	44	6	-109.85
gain	6	45	-112.81
gain	45	6	-112.81
gain	6	46	-109.81
gain	46	6	-109.81
gain	6	47	-115.98
gain	47	6	-115.98
gain	6	48	-113.73
gain	48	6	-113.73
gain	7	8	-75.29
gain	8	7	-75.29
gain	7	9	-94.57
gain	9	7	-94.57
gain	7	10	-97.92
gain	10	7	-97.92
gain	7	11	-111.80
gain	11	7	-111.80
gain	7	12	-109.35
gain	12	7	-109.35
gain	7	13	-109.72
gain	13	7	-109.72
gain	7	14	-77.93
gain	14	7	-77.93
gain	7	15	-82.83
gain	15	7	-82.83
gain	7	16	-99.25
gain	16	7	-99.25
gain	7	17	-93.61
gain	17	7	-93.61
gain	7	18	-105.57
gain	18	7	-105.57
gain	7	19	-106.47
gain	19	7	-106.47
gain	7	20	-105.30
gain	20	7	-105.30
gain	7	21	-84.45
gain	21	7	-84.45
gain	7	22	-93.16
gain	22	7	-93.16
gain	7	23	-98.90
gain	23	7	-98.90
gain	7	24	-107.30
gain	24	7	-107.30
gain	7	25	-118.68
gain	25	7	-118.68
gain	7	26	-117.55
gain	26	7	-117.55
gain	7	27	-114.68
gain	27	7	-114.68
gain	7	28	-101.44
gain	28	7	-101.44
gain	7	29	-103.06
gain	29	7	-103.06
gain	7	30	-105.00
gain	30	7	-105.00
gain	7	31	-108.58
gain	31	7	-108.58
gain	7	32	-112.47
gain	32	7	-112.47
gain	7	33	-113.97
gain	33	7	-113.97
gain	7	34	-115.82
gain	34	7	-115.82
gain	7	35	-104.82
gain	35	7	-104.82
gain	7	36	-117.09
gain	36	7	-117.09
gain	7	37	-105.40
gain	37	7	-105.40
gain	7	38	-108.73
gain	38	7	-108.73
gain	7	39	-111.01
gain	39	7	-111.01
gain	7	40	-107.41
gain	40	7	-107.41
gain	7	41	-110.84
gain	41	7	-110.84
gain	7	42	-114.77
gain	42	7	-114.77
gain	7	43	-103.22
gain	43	7	-103.22
gain	7	44	-106.63
gain	44	7	-106.63
gain	7	45	-112.21
gain	45	7	-112.21
gain	7	46	-113.42
gain	46	7	-113.42
gain	7	47	-116.24
gain	47	7	-116.24
gain	7	48	-113.88
gain	48	7	-113.88
gain	8	9	-92.03
gain	9	8	-92.03
gain	8	10	-94.69
gain	10	8	-94.69
gain	8	11	-103.62
gain	11	8	-103.62
gain	8	12	-101.87
gain	12	8	-101.87
gain	8	13	-110.26
gain	13	8	-110.26
gain	8	14	-94.04
gain	14	8	-94.04
gain	8	15	-86.05
gain	15	8	-86.05
gain	8	16	-94.66
gain	16	8	-94.66
gain	8	17	-95.51
gain	17	8	-95.51
gain	8	18	-112.25
gain	18	8	-112.25
gain	8	19	-105.49
gain	19	8	-105.49
gain	8	20	-106.22
gain	20	8	-106.22
gain	8	21	-96.00
gain	21	8	-96.00
gain	8	22	-92.99
gain	22	8	-92.99
gain	8	23	-94.53
gain	23	8	-94.53
gain	8	24	-98.43
gain	24	8	-98.43
gain	8	25	-106.27
gain	25	8	-106.27
gain	8	26	-102.13
gain	26	8	-102.13
gain	8	27	-99.87
gain	27	8	-99.87
gain	8	28	-106.16
gain	28	8	-106.16
gain	8	29	-101.94
gain	29	8	-101.94
gain	8	30	-93.19
gain	30	8	-93.19
gain	8	31	-93.42
gain	31	8	-93.42
gain	8	32	-100.66
gain	32	8	-100.66
gain	8	33	-109.22
gain	33	8	-109.22
gain	8	34	-120.92
gain	34	8	-120.92
gain	8	35	-105.99
gain	35	8	-105.99
gain	8	36	-94.02
gain	36	8	-94.02
gain	8	37	-108.43
gain	37	8	-108.43
gain	8	38	-111.56
gain	38	8	-111.56
gain	8	39	-107.72
gain	39	8	-107.72
gain	8	40	-112.97
gain	40	8	-112.97
gain	8	41	-110.40
gain	41	8	-110.40
gain	8	42	-106.61
gain	42	8	-106.61
gain	8	43	-116.20
gain	43	8	-116.20
gain	8	44	-100.12
gain	44	8	-100.12
gain	8	45	-112.41
gain	45	8	-112.41
gain	8	46	-104.96
gain	46	8	-104.96
gain	8	47	-110.21
gain	47	8	-110.21
gain	8	48	-107.13
gain	48	8	-107.13
gain	9	10	-82.11
gain	10	9	-82.11
gain	9	11	-95.09
gain	11	9	-95.09
gain	9	12	-94.06
gain	12	9	-94.06
gain	9	13	-106.61
gain	13	9	-106.61
gain	9	14	-104.66
gain	14	9	-104.66
gain	9	15	-89.09
gain	15	9	-89.09
gain	9	16	-90.25
gain	16	9	-90.25
gain	9	17	-99.80
gain	17	9	-99.80
gain	9	18	-98.76
gain	18	9	-98.76
gain	9	19	-108.78
gain	19	9	-108.78
gain	9	20	-98.19
gain	20	9	-98.19
gain	9	21	-99.05
gain	21	9	-99.05
gain	9	22	-92.37
gain	22	9	-92.37
gain	9	23	-100.36
gain	23	9	-100.36
gain	9	24	-91.02
gain	24	9	-91.02
gain	9	25	-94.19
gain	25	9	-94.19
gain	9	26	-102.35
gain	26	9	-102.35
gain	9	27	-106.44
gain	27	9	-106.44
gain	9	28	-113.81
gain	28	9	-113.81
gain	9	29	-102.51
gain	29	9	-102.51
gain	9	30	-108.14
gain	30	9	-108.14
gain	9	31	-96.73
gain	31	9	-96.73
gain	9	32	-94.81
gain	32	9	-94.81
gain	9	33	-106.29
gain	33	9	-106.29
gain	9	34	-105.49
gain	34	9	-105.49
gain	9	35	-112.92
gain	35	9	-112.92
gain	9	36	-114.38
gain	36	9	-114.38
gain	9	37	-102.07
gain	37	9	-102.07
gain	9	38	-112.23
gain	38	9	-112.23
gain	9	39	-100.98
gain	39	9	-100.98
gain	9	40	-114.26
gain	40	9	-114.26
gain	9	41	-109.24
gain	41	9	-109.24
gain	9	42	-101.39
gain	42	9	-101.39
gain	9	43	-97.96
gain	43	9	-97.96
gain	9	44	-112.36
gain	44	9	-112.36
gain	9	45	-112.73
gain	45	9	-112.73
gain	9	46	-111.36
gain	46	9	-111.36
gain	9	47	-104.55
gain	47	9	-104.55
gain	9	48	-113.99
gain	48	9	-113.99
gain	10	11	-82.81
gain	11	10	-82.81
gain	10	12	-96.44
gain	12	10	-96.44
gain	10	13	-102.43
gain	13	10	-102.43
gain	10	14	-114.87
gain	14	10	-114.87
gain	10	15	-99.12
gain	15	10	-99.12
gain	10	16	-86.34
gain	16	10	-86.34
gain	10	17	-72.86
gain	17	10	-72.86
gain	10	18	-83.52
gain	18	10	-83.52
gain	10	19	-91.25
gain	19	10	-91.25
gain	10	20	-100.68
gain	20	10	-100.68
gain	10	21	-104.13
gain	21	10	-104.13
gain	10	22	-90.42
gain	22	10	-90.42
gain	10	23	-90.20
gain	23	10	-90.20
gain	10	24	-93.56
gain	24	10	-93.56
gain	10	25	-100.28
gain	25	10	-100.28
gain	10	26	-107.13
gain	26	10	-107.13
gain	10	27	-95.42
gain	27	10	-95.42
gain	10	28	-107.40
gain	28	10	-107.40
gain	10	29	-92.56
gain	29	10	-92.56
gain	10	30	-99.06
gain	30	10	-99.06
gain	10	31	-99.23
gain	31	10	-99.23
gain	10	32	-88.31
gain	32	10	-88.31
gain	10	33	-99.16
gain	33	10	-99.16
gain	10	34	-99.05
gain	34	10	-99.05
gain	10	35	-115.24
gain	35	10	-115.24
gain	10	36	-104.66
gain	36	10	-104.66
gain	10	37	-105.95
gain	37	10	-105.95
gain	10	38	-102.35
gain	38	10	-102.35
gain	10	39	-98.46
gain	39	10	-98.46
gain	10	40	-120.62
gain	40	10	-120.62
gain	10	41	-111.95
gain	41	10	-111.95
gain	10	42	-107.53
gain	42	10	-107.53
gain	10	43	-113.51
gain	43	10	-113.51
gain	10	44	-107.14
gain	44	10	-107.14
gain	10	45	-106.90
gain	45	10	-106.90
gain	10	46	-107.70
gain	46	10	-107.70
gain	10	47	-109.53
gain	47	10	-109.53
gain	10	48	-110.28
gain	48	10	-110.28
gain	11	12	-80.33
gain	12	11	-80.33
gain	11	13	-91.33
gain	13	11	-91.33
gain	11	14	-104.66
gain	14	11	-104.66
gain	11	15	-101.27
gain	15	11	-101.27
gain	11	16	-105.22
gain	16	11	-105.22
gain	11	17	-79.46
gain	17	11	-79.46
gain	11	18	-85.16
gain	18	11	-85.16
gain	11	19	-89.30
gain	19	11	-89.30
gain	11	20	-102.37
gain	20	11	-102.37
gain	11	21	-110.39
gain	21	11	-110.39
gain	11	22	-106.32
gain	22	11	-106.32
gain	11	23	-111.03
gain	23	11	-111.03
gain	11	24	-111.57
gain	24	11	-111.57
gain	11	25	-104.26
gain	25	11	-104.26
gain	11	26	-97.86
gain	26	11	-97.86
gain	11	27	-103.11
gain	27	11	-103.11
gain	11	28	-114.17
gain	28	11	-114.17
gain	11	29	-103.01
gain	29	11	-103.01
gain	11	30	-107.43
gain	30	11	-107.43
gain	11	31	-99.16
gain	31	11	-99.16
gain	11	32	-100.05
gain	32	11	-100.05
gain	11	33	-102.47
gain	33	11	-102.47
gain	11	34	-116.76
gain	34	11	-116.76
gain	11	35	-116.04
gain	35	11	-116.04
gain	11	36	-101.98
gain	36	11	-101.98
gain	11	37	-102.52
gain	37	11	-102.52
gain	11	38	-114.02
gain	38	11	-114.02
gain	11	39	-109.06
gain	39	11	-109.06
gain	11	40	-105.16
gain	40	11	-105.16
gain	11	41	-101.66
gain	41	11	-101.66
gain	11	42	-116.10
gain	42	11	-116.10
gain	11	43	-110.43
gain	43	11	-110.43
gain	11	44	-100.11
gain	44	11	-100.11
gain	11	45	-109.65
gain	45	11	-109.65
gain	11	46	-101.78
gain	46	11	-101.78
gain	11	47	-115.04
gain	47	11	-115.04
gain	11	48	-111.24
gain	48	11	-111.24
gain	12	13	-77.74
gain	13	12	-77.74
gain	12	14	-101.44
gain	14	12	-101.44
gain	12	15	-98.69
gain	15	12	-98.69
gain	12	16	-95.27
gain	16	12	-95.27
gain	12	17	-97.32
gain	17	12	-97.32
gain	12	18	-98.44
gain	18	12	-98.44
gain	12	19	-85.58
gain	19	12	-85.58
gain	12	20	-83.69
gain	20	12	-83.69
gain	12	21	-114.40
gain	21	12	-114.40
gain	12	22	-108.76
gain	22	12	-108.76
gain	12	23	-99.56
gain	23	12	-99.56
gain	12	24	-104.11
gain	24	12	-104.11
gain	12	25	-95.29
gain	25	12	-95.29
gain	12	26	-92.84
gain	26	12	-92.84
gain	12	27	-95.75
gain	27	12	-95.75
gain	12	28	-113.60
gain	28	12	-113.60
gain	12	29	-111.51
gain	29	12	-111.51
gain	12	30	-112.53
gain	30	12	-112.53
gain	12	31	-95.70
gain	31	12	-95.70
gain	12	32	-91.54
gain	32	12	-91.54
gain	12	33	-101.73
gain	33	12	-101.73
gain	12	34	-98.93
gain	34	12	-98.93
gain	12	35	-106.94
gain	35	12	-106.94
gain	12	36	-112.77
gain	36	12	-112.77
gain	12	37	-113.04
gain	37	12	-113.04
gain	12	38	-100.50
gain	38	12	-100.50
gain	12	39	-103.96
gain	39	12	-103.96
gain	12	40	-99.07
gain	40	12	-99.07
gain	12	41	-104.24
gain	41	12	-104.24
gain	12	42	-114.09
gain	42	12	-114.09
gain	12	43	-110.22
gain	43	12	-110.22
gain	12	44	-111.82
gain	44	12	-111.82
gain	12	45	-108.11
gain	45	12	-108.11
gain	12	46	-105.29
gain	46	12	-105.29
gain	12	47	-97.92
gain	47	12	-97.92
gain	12	48	-110.57
gain	48	12	-110.57
gain	13	14	-110.17
gain	14	13	-110.17
gain	13	15	-114.57
gain	15	13	-114.57
gain	13	16	-110.61
gain	16	13	-110.61
gain	13	17	-95.68
gain	17	13	-95.68
gain	13	18	-96.34
gain	18	13	-96.34
gain	13	19	-92.72
gain	19	13	-92.72
gain	13	20	-83.65
gain	20	13	-83.65
gain	13	21	-116.76
gain	21	13	-116.76
gain	13	22	-114.84
gain	22	13	-114.84
gain	13	23	-105.27
gain	23	13	-105.27
gain	13	24	-106.98
gain	24	13	-106.98
gain	13	25	-100.53
gain	25	13	-100.53
gain	13	26	-100.77
gain	26	13	-100.77
gain	13	27	-98.63
gain	27	13	-98.63
gain	13	28	-109.74
gain	28	13	-109.74
gain	13	29	-99.34
gain	29	13	-99.34
gain	13	30	-102.60
gain	30	13	-102.60
gain	13	31	-102.88
gain	31	13	-102.88
gain	13	32	-104.07
gain	32	13	-104.07
gain	13	33	-101.05
gain	33	13	-101.05
gain	13	34	-92.45
gain	34	13	-92.45
gain	13	35	-106.40
gain	35	13	-106.40
gain	13	36	-114.72
gain	36	13	-114.72
gain	13	37	-116.25
gain	37	13	-116.25
gain	13	38	-105.42
gain	38	13	-105.42
gain	13	39	-110.20
gain	39	13	-110.20
gain	13	40	-110.30
gain	40	13	-110.30
gain	13	41	-92.88
gain	41	13	-92.88
gain	13	42	-112.17
gain	42	13	-112.17
gain	13	43	-102.76
gain	43	13	-102.76
gain	13	44	-118.53
gain	44	13	-118.53
gain	13	45	-107.69
gain	45	13	-107.69
gain	13	46	-115.71
gain	46	13	-115.71
gain	13	47	-98.87
gain	47	13	-98.87
gain	13	48	-108.07
gain	48	13	-108.07
gain	14	15	-85.99
gain	15	14	-85.99
gain	14	16	-87.02
gain	16	14	-87.02
gain	14	17	-108.51
gain	17	14	-108.51
gain	14	18	-116.71
gain	18	14	-116.71
gain	14	19	-114.21
gain	19	14	-114.21
gain	14	20	-97.46
gain	20	14	-97.46
gain	14	21	-78.71
gain	21	14	-78.71
gain	14	22	-86.51
gain	22	14	-86.51
gain	14	23	-94.64
gain	23	14	-94.64
gain	14	24	-101.38
gain	24	14	-101.38
gain	14	25	-101.26
gain	25	14	-101.26
gain	14	26	-110.48
gain	26	14	-110.48
gain	14	27	-113.44
gain	27	14	-113.44
gain	14	28	-91.91
gain	28	14	-91.91
gain	14	29	-88.86
gain	29	14	-88.86
gain	14	30	-99.04
gain	30	14	-99.04
gain	14	31	-103.91
gain	31	14	-103.91
gain	14	32	-109.66
gain	32	14	-109.66
gain	14	33	-110.10
gain	33	14	-110.10
gain	14	34	-106.79
gain	34	14	-106.79
gain	14	35	-98.40
gain	35	14	-98.40
gain	14	36	-101.62
gain	36	14	-101.62
gain	14	37	-99.62
gain	37	14	-99.62
gain	14	38	-113.48
gain	38	14	-113.48
gain	14	39	-108.87
gain	39	14	-108.87
gain	14	40	-108.90
gain	40	14	-108.90
gain	14	41	-111.56
gain	41	14	-111.56
gain	14	42	-111.46
gain	42	14	-111.46
gain	14	43	-96.47
gain	43	14	-96.47
gain	14	44	-104.10
gain	44	14	-104.10
gain	14	45	-99.81
gain	45	14	-99.81
gain	14	46	-116.55
gain	46	14	-116.55
gain	14	47	-111.82
gain	47	14	-111.82
gain	14	48	-117.19
gain	48	14	-117.19
gain	15	16	-91.12
gain	16	15	-91.12
gain	15	17	-99.49
gain	17	15	-99.49
gain	15	18	-100.35
gain	18	15	-100.35
gain	15	19	-104.73
gain	19	15	-104.73
gain	15	20	-112.74
gain	20	15	-112.74
gain	15	21	-90.49
gain	21	15	-90.49
gain	15	22	-86.86
gain	22	15	-86.86
gain	15	23	-97.76
gain	23	15	-97.76
gain	15	24	-96.98
gain	24	15	-96.98
gain	15	25	-101.45
gain	25	15	-101.45
gain	15	26	-108.00
gain	26	15	-108.00
gain	15	27	-116.48
gain	27	15	-116.48
gain	15	28	-91.53
gain	28	15	-91.53
gain	15	29	-105.82
gain	29	15	-105.82
gain	15	30	-92.03
gain	30	15	-92.03
gain	15	31	-106.45
gain	31	15	-106.45
gain	15	32	-98.12
gain	32	15	-98.12
gain	15	33	-104.25
gain	33	15	-104.25
gain	15	34	-101.13
gain	34	15	-101.13
gain	15	35	-107.95
gain	35	15	-107.95
gain	15	36	-111.01
gain	36	15	-111.01
gain	15	37	-102.96
gain	37	15	-102.96
gain	15	38	-113.95
gain	38	15	-113.95
gain	15	39	-103.32
gain	39	15	-103.32
gain	15	40	-97.24
gain	40	15	-97.24
gain	15	41	-114.57
gain	41	15	-114.57
gain	15	42	-119.35
gain	42	15	-119.35
gain	15	43	-101.73
gain	43	15	-101.73
gain	15	44	-100.42
gain	44	15	-100.42
gain	15	45	-102.32
gain	45	15	-102.32
gain	15	46	-100.87
gain	46	15	-100.87
gain	15	47	-108.63
gain	47	15	-108.63
gain	15	48	-122.35
gain	48	15	-122.35
gain	16	17	-84.49
gain	17	16	-84.49
gain	16	18	-98.29
gain	18	16	-98.29
gain	16	19	-103.64
gain	19	16	-103.64
gain	16	20	-105.12
gain	20	16	-105.12
gain	16	21	-90.51
gain	21	16	-90.51
gain	16	22	-82.96
gain	22	16	-82.96
gain	16	23	-88.56
gain	23	16	-88.56
gain	16	24	-91.57
gain	24	16	-91.57
gain	16	25	-105.48
gain	25	16	-105.48
gain	16	26	-105.51
gain	26	16	-105.51
gain	16	27	-109.02
gain	27	16	-109.02
gain	16	28	-102.67
gain	28	16	-102.67
gain	16	29	-97.23
gain	29	16	-97.23
gain	16	30	-96.57
gain	30	16	-96.57
gain	16	31	-99.71
gain	31	16	-99.71
gain	16	32	-113.62
gain	32	16	-113.62
gain	16	33	-103.24
gain	33	16	-103.24
gain	16	34	-112.03
gain	34	16	-112.03
gain	16	35	-110.21
gain	35	16	-110.21
gain	16	36	-99.06
gain	36	16	-99.06
gain	16	37	-103.56
gain	37	16	-103.56
gain	16	38	-106.15
gain	38	16	-106.15
gain	16	39	-104.87
gain	39	16	-104.87
gain	16	40	-101.40
gain	40	16	-101.40
gain	16	41	-113.29
gain	41	16	-113.29
gain	16	42	-104.42
gain	42	16	-104.42
gain	16	43	-100.24
gain	43	16	-100.24
gain	16	44	-106.03
gain	44	16	-106.03
gain	16	45	-112.32
gain	45	16	-112.32
gain	16	46	-111.49
gain	46	16	-111.49
gain	16	47	-105.16
gain	47	16	-105.16
gain	16	48	-107.31
gain	48	16	-107.31
gain	17	18	-83.68
gain	18	17	-83.68
gain	17	19	-91.93
gain	19	17	-91.93
gain	17	20	-100.61
gain	20	17	-100.61
gain	17	21	-95.04
gain	21	17	-95.04
gain	17	22	-109.67
gain	22	17	-109.67
gain	17	23	-87.60
gain	23	17	-87.60
gain	17	24	-78.35
gain	24	17	-78.35
gain	17	25	-90.95
gain	25	17	-90.95
gain	17	26	-99.35
gain	26	17	-99.35
gain	17	27	-94.03
gain	27	17	-94.03
gain	17	28	-98.91
gain	28	17	-98.91
gain	17	29	-95.98
gain	29	17	-95.98
gain	17	30	-84.00
gain	30	17	-84.00
gain	17	31	-95.58
gain	31	17	-95.58
gain	17	32	-105.45
gain	32	17	-105.45
gain	17	33	-92.95
gain	33	17	-92.95
gain	17	34	-93.45
gain	34	17	-93.45
gain	17	35	-110.83
gain	35	17	-110.83
gain	17	36	-95.59
gain	36	17	-95.59
gain	17	37	-98.27
gain	37	17	-98.27
gain	17	38	-95.59
gain	38	17	-95.59
gain	17	39	-107.63
gain	39	17	-107.63
gain	17	40	-100.05
gain	40	17	-100.05
gain	17	41	-113.71
gain	41	17	-113.71
gain	17	42	-106.26
gain	42	17	-106.26
gain	17	43	-100.97
gain	43	17	-100.97
gain	17	44	-108.27
gain	44	17	-108.27
gain	17	45	-105.49
gain	45	17	-105.49
gain	17	46	-107.35
gain	46	17	-107.35
gain	17	47	-107.73
gain	47	17	-107.73
gain	17	48	-113.78
gain	48	17	-113.78
gain	18	19	-86.21
gain	19	18	-86.21
gain	18	20	-91.03
gain	20	18	-91.03
gain	18	21	-101.29
gain	21	18	-101.29
gain	18	22	-107.15
gain	22	18	-107.15
gain	18	23	-94.11
gain	23	18	-94.11
gain	18	24	-87.02
gain	24	18	-87.02
gain	18	25	-77.33
gain	25	18	-77.33
gain	18	26	-92.00
gain	26	18	-92.00
gain	18	27	-89.90
gain	27	18	-89.90
gain	18	28	-114.02
gain	28	18	-114.02
gain	18	29	-103.72
gain	29	18	-103.72
gain	18	30	-101.64
gain	30	18	-101.64
gain	18	31	-93.37
gain	31	18	-93.37
gain	18	32	-92.01
gain	32	18	-92.01
gain	18	33	-100.62
gain	33	18	-100.62
gain	18	34	-100.71
gain	34	18	-100.71
gain	18	35	-105.52
gain	35	18	-105.52
gain	18	36	-105.42
gain	36	18	-105.42
gain	18	37	-108.40
gain	37	18	-108.40
gain	18	38	-98.98
gain	38	18	-98.98
gain	18	39	-103.81
gain	39	18	-103.81
gain	18	40	-100.10
gain	40	18	-100.10
gain	18	41	-108.45
gain	41	18	-108.45
gain	18	42	-103.29
gain	42	18	-103.29
gain	18	43	-115.64
gain	43	18	-115.64
gain	18	44	-113.01
gain	44	18	-113.01
gain	18	45	-104.03
gain	45	18	-104.03
gain	18	46	-99.08
gain	46	18	-99.08
gain	18	47	-109.31
gain	47	18	-109.31
gain	18	48	-109.02
gain	48	18	-109.02
gain	19	20	-79.26
gain	20	19	-79.26
gain	19	21	-115.41
gain	21	19	-115.41
gain	19	22	-104.82
gain	22	19	-104.82
gain	19	23	-93.56
gain	23	19	-93.56
gain	19	24	-98.44
gain	24	19	-98.44
gain	19	25	-99.04
gain	25	19	-99.04
gain	19	26	-89.12
gain	26	19	-89.12
gain	19	27	-90.82
gain	27	19	-90.82
gain	19	28	-109.20
gain	28	19	-109.20
gain	19	29	-105.08
gain	29	19	-105.08
gain	19	30	-102.60
gain	30	19	-102.60
gain	19	31	-95.55
gain	31	19	-95.55
gain	19	32	-106.54
gain	32	19	-106.54
gain	19	33	-98.77
gain	33	19	-98.77
gain	19	34	-84.09
gain	34	19	-84.09
gain	19	35	-105.14
gain	35	19	-105.14
gain	19	36	-113.95
gain	36	19	-113.95
gain	19	37	-112.54
gain	37	19	-112.54
gain	19	38	-103.83
gain	38	19	-103.83
gain	19	39	-106.44
gain	39	19	-106.44
gain	19	40	-92.36
gain	40	19	-92.36
gain	19	41	-115.99
gain	41	19	-115.99
gain	19	42	-118.56
gain	42	19	-118.56
gain	19	43	-100.21
gain	43	19	-100.21
gain	19	44	-115.71
gain	44	19	-115.71
gain	19	45	-111.45
gain	45	19	-111.45
gain	19	46	-97.74
gain	46	19	-97.74
gain	19	47	-99.70
gain	47	19	-99.70
gain	19	48	-112.82
gain	48	19	-112.82
gain	20	21	-111.14
gain	21	20	-111.14
gain	20	22	-116.51
gain	22	20	-116.51
gain	20	23	-100.51
gain	23	20	-100.51
gain	20	24	-100.87
gain	24	20	-100.87
gain	20	25	-93.02
gain	25	20	-93.02
gain	20	26	-87.47
gain	26	20	-87.47
gain	20	27	-96.24
gain	27	20	-96.24
gain	20	28	-109.68
gain	28	20	-109.68
gain	20	29	-105.82
gain	29	20	-105.82
gain	20	30	-107.70
gain	30	20	-107.70
gain	20	31	-106.40
gain	31	20	-106.40
gain	20	32	-103.20
gain	32	20	-103.20
gain	20	33	-101.62
gain	33	20	-101.62
gain	20	34	-97.12
gain	34	20	-97.12
gain	20	35	-118.18
gain	35	20	-118.18
gain	20	36	-117.42
gain	36	20	-117.42
gain	20	37	-110.96
gain	37	20	-110.96
gain	20	38	-104.77
gain	38	20	-104.77
gain	20	39	-106.21
gain	39	20	-106.21
gain	20	40	-103.89
gain	40	20	-103.89
gain	20	41	-101.27
gain	41	20	-101.27
gain	20	42	-110.91
gain	42	20	-110.91
gain	20	43	-104.80
gain	43	20	-104.80
gain	20	44	-107.95
gain	44	20	-107.95
gain	20	45	-108.00
gain	45	20	-108.00
gain	20	46	-98.37
gain	46	20	-98.37
gain	20	47	-111.68
gain	47	20	-111.68
gain	20	48	-102.36
gain	48	20	-102.36
gain	21	22	-75.28
gain	22	21	-75.28
gain	21	23	-86.76
gain	23	21	-86.76
gain	21	24	-96.69
gain	24	21	-96.69
gain	21	25	-110.07
gain	25	21	-110.07
gain	21	26	-113.57
gain	26	21	-113.57
gain	21	27	-112.33
gain	27	21	-112.33
gain	21	28	-78.27
gain	28	21	-78.27
gain	21	29	-89.03
gain	29	21	-89.03
gain	21	30	-102.90
gain	30	21	-102.90
gain	21	31	-103.71
gain	31	21	-103.71
gain	21	32	-108.06
gain	32	21	-108.06
gain	21	33	-123.87
gain	33	21	-123.87
gain	21	34	-113.38
gain	34	21	-113.38
gain	21	35	-96.64
gain	35	21	-96.64
gain	21	36	-105.62
gain	36	21	-105.62
gain	21	37	-96.23
gain	37	21	-96.23
gain	21	38	-109.21
gain	38	21	-109.21
gain	21	39	-105.86
gain	39	21	-105.86
gain	21	40	-115.29
gain	40	21	-115.29
gain	21	41	-112.02
gain	41	21	-112.02
gain	21	42	-99.58
gain	42	21	-99.58
gain	21	43	-100.31
gain	43	21	-100.31
gain	21	44	-103.48
gain	44	21	-103.48
gain	21	45	-103.11
gain	45	21	-103.11
gain	21	46	-103.53
gain	46	21	-103.53
gain	21	47	-111.98
gain	47	21	-111.98
gain	21	48	-119.34
gain	48	21	-119.34
gain	22	23	-85.31
gain	23	22	-85.31
gain	22	24	-86.29
gain	24	22	-86.29
gain	22	25	-112.61
gain	25	22	-112.61
gain	22	26	-106.32
gain	26	22	-106.32
gain	22	27	-108.45
gain	27	22	-108.45
gain	22	28	-96.44
gain	28	22	-96.44
gain	22	29	-79.86
gain	29	22	-79.86
gain	22	30	-90.64
gain	30	22	-90.64
gain	22	31	-99.18
gain	31	22	-99.18
gain	22	32	-100.01
gain	32	22	-100.01
gain	22	33	-108.21
gain	33	22	-108.21
gain	22	34	-106.27
gain	34	22	-106.27
gain	22	35	-94.48
gain	35	22	-94.48
gain	22	36	-87.19
gain	36	22	-87.19
gain	22	37	-96.59
gain	37	22	-96.59
gain	22	38	-110.10
gain	38	22	-110.10
gain	22	39	-102.81
gain	39	22	-102.81
gain	22	40	-106.48
gain	40	22	-106.48
gain	22	41	-104.12
gain	41	22	-104.12
gain	22	42	-100.68
gain	42	22	-100.68
gain	22	43	-96.26
gain	43	22	-96.26
gain	22	44	-100.07
gain	44	22	-100.07
gain	22	45	-100.85
gain	45	22	-100.85
gain	22	46	-101.05
gain	46	22	-101.05
gain	22	47	-103.30
gain	47	22	-103.30
gain	22	48	-105.88
gain	48	22	-105.88
gain	23	24	-86.22
gain	24	23	-86.22
gain	23	25	-84.83
gain	25	23	-84.83
gain	23	26	-103.71
gain	26	23	-103.71
gain	23	27	-108.93
gain	27	23	-108.93
gain	23	28	-101.37
gain	28	23	-101.37
gain	23	29	-88.80
gain	29	23	-88.80
gain	23	30	-83.87
gain	30	23	-83.87
gain	23	31	-98.08
gain	31	23	-98.08
gain	23	32	-91.19
gain	32	23	-91.19
gain	23	33	-96.22
gain	33	23	-96.22
gain	23	34	-107.36
gain	34	23	-107.36
gain	23	35	-101.67
gain	35	23	-101.67
gain	23	36	-91.06
gain	36	23	-91.06
gain	23	37	-86.93
gain	37	23	-86.93
gain	23	38	-98.44
gain	38	23	-98.44
gain	23	39	-92.05
gain	39	23	-92.05
gain	23	40	-112.24
gain	40	23	-112.24
gain	23	41	-110.04
gain	41	23	-110.04
gain	23	42	-102.80
gain	42	23	-102.80
gain	23	43	-100.25
gain	43	23	-100.25
gain	23	44	-109.15
gain	44	23	-109.15
gain	23	45	-100.02
gain	45	23	-100.02
gain	23	46	-108.61
gain	46	23	-108.61
gain	23	47	-102.13
gain	47	23	-102.13
gain	23	48	-99.11
gain	48	23	-99.11
gain	24	25	-93.76
gain	25	24	-93.76
gain	24	26	-100.17
gain	26	24	-100.17
gain	24	27	-93.37
gain	27	24	-93.37
gain	24	28	-98.14
gain	28	24	-98.14
gain	24	29	-101.67
gain	29	24	-101.67
gain	24	30	-95.07
gain	30	24	-95.07
gain	24	31	-80.11
gain	31	24	-80.11
gain	24	32	-87.55
gain	32	24	-87.55
gain	24	33	-105.51
gain	33	24	-105.51
gain	24	34	-100.90
gain	34	24	-100.90
gain	24	35	-110.74
gain	35	24	-110.74
gain	24	36	-92.57
gain	36	24	-92.57
gain	24	37	-100.90
gain	37	24	-100.90
gain	24	38	-94.68
gain	38	24	-94.68
gain	24	39	-100.61
gain	39	24	-100.61
gain	24	40	-99.38
gain	40	24	-99.38
gain	24	41	-113.61
gain	41	24	-113.61
gain	24	42	-96.17
gain	42	24	-96.17
gain	24	43	-108.19
gain	43	24	-108.19
gain	24	44	-100.77
gain	44	24	-100.77
gain	24	45	-99.87
gain	45	24	-99.87
gain	24	46	-107.41
gain	46	24	-107.41
gain	24	47	-103.38
gain	47	24	-103.38
gain	24	48	-103.15
gain	48	24	-103.15
gain	25	26	-86.98
gain	26	25	-86.98
gain	25	27	-97.95
gain	27	25	-97.95
gain	25	28	-101.75
gain	28	25	-101.75
gain	25	29	-107.95
gain	29	25	-107.95
gain	25	30	-98.60
gain	30	25	-98.60
gain	25	31	-85.35
gain	31	25	-85.35
gain	25	32	-97.00
gain	32	25	-97.00
gain	25	33	-93.62
gain	33	25	-93.62
gain	25	34	-100.84
gain	34	25	-100.84
gain	25	35	-112.82
gain	35	25	-112.82
gain	25	36	-107.57
gain	36	25	-107.57
gain	25	37	-96.88
gain	37	25	-96.88
gain	25	38	-87.89
gain	38	25	-87.89
gain	25	39	-97.22
gain	39	25	-97.22
gain	25	40	-100.11
gain	40	25	-100.11
gain	25	41	-87.53
gain	41	25	-87.53
gain	25	42	-108.36
gain	42	25	-108.36
gain	25	43	-107.90
gain	43	25	-107.90
gain	25	44	-104.66
gain	44	25	-104.66
gain	25	45	-109.60
gain	45	25	-109.60
gain	25	46	-102.22
gain	46	25	-102.22
gain	25	47	-103.05
gain	47	25	-103.05
gain	25	48	-97.48
gain	48	25	-97.48
gain	26	27	-93.77
gain	27	26	-93.77
gain	26	28	-110.13
gain	28	26	-110.13
gain	26	29	-100.52
gain	29	26	-100.52
gain	26	30	-94.58
gain	30	26	-94.58
gain	26	31	-95.07
gain	31	26	-95.07
gain	26	32	-86.85
gain	32	26	-86.85
gain	26	33	-75.62
gain	33	26	-75.62
gain	26	34	-89.14
gain	34	26	-89.14
gain	26	35	-110.10
gain	35	26	-110.10
gain	26	36	-108.43
gain	36	26	-108.43
gain	26	37	-103.78
gain	37	26	-103.78
gain	26	38	-98.75
gain	38	26	-98.75
gain	26	39	-97.04
gain	39	26	-97.04
gain	26	40	-105.88
gain	40	26	-105.88
gain	26	41	-94.98
gain	41	26	-94.98
gain	26	42	-120.99
gain	42	26	-120.99
gain	26	43	-111.93
gain	43	26	-111.93
gain	26	44	-108.38
gain	44	26	-108.38
gain	26	45	-102.44
gain	45	26	-102.44
gain	26	46	-100.79
gain	46	26	-100.79
gain	26	47	-106.21
gain	47	26	-106.21
gain	26	48	-98.33
gain	48	26	-98.33
gain	27	28	-107.82
gain	28	27	-107.82
gain	27	29	-107.96
gain	29	27	-107.96
gain	27	30	-103.64
gain	30	27	-103.64
gain	27	31	-110.60
gain	31	27	-110.60
gain	27	32	-91.90
gain	32	27	-91.90
gain	27	33	-93.49
gain	33	27	-93.49
gain	27	34	-70.80
gain	34	27	-70.80
gain	27	35	-113.03
gain	35	27	-113.03
gain	27	36	-103.80
gain	36	27	-103.80
gain	27	37	-111.47
gain	37	27	-111.47
gain	27	38	-92.12
gain	38	27	-92.12
gain	27	39	-99.92
gain	39	27	-99.92
gain	27	40	-101.17
gain	40	27	-101.17
gain	27	41	-91.51
gain	41	27	-91.51
gain	27	42	-114.56
gain	42	27	-114.56
gain	27	43	-109.65
gain	43	27	-109.65
gain	27	44	-119.46
gain	44	27	-119.46
gain	27	45	-103.20
gain	45	27	-103.20
gain	27	46	-96.52
gain	46	27	-96.52
gain	27	47	-102.39
gain	47	27	-102.39
gain	27	48	-107.48
gain	48	27	-107.48
gain	28	29	-80.55
gain	29	28	-80.55
gain	28	30	-82.42
gain	30	28	-82.42
gain	28	31	-99.25
gain	31	28	-99.25
gain	28	32	-101.85
gain	32	28	-101.85
gain	28	33	-106.64
gain	33	28	-106.64
gain	28	34	-106.01
gain	34	28	-106.01
gain	28	35	-82.03
gain	35	28	-82.03
gain	28	36	-105.76
gain	36	28	-105.76
gain	28	37	-95.99
gain	37	28	-95.99
gain	28	38	-106.84
gain	38	28	-106.84
gain	28	39	-108.59
gain	39	28	-108.59
gain	28	40	-116.25
gain	40	28	-116.25
gain	28	41	-111.24
gain	41	28	-111.24
gain	28	42	-102.71
gain	42	28	-102.71
gain	28	43	-95.47
gain	43	28	-95.47
gain	28	44	-89.73
gain	44	28	-89.73
gain	28	45	-101.48
gain	45	28	-101.48
gain	28	46	-102.03
gain	46	28	-102.03
gain	28	47	-114.92
gain	47	28	-114.92
gain	28	48	-113.13
gain	48	28	-113.13
gain	29	30	-81.56
gain	30	29	-81.56
gain	29	31	-94.04
gain	31	29	-94.04
gain	29	32	-101.40
gain	32	29	-101.40
gain	29	33	-97.67
gain	33	29	-97.67
gain	29	34	-103.89
gain	34	29	-103.89
gain	29	35	-81.28
gain	35	29	-81.28
gain	29	36	-91.82
gain	36	29	-91.82
gain	29	37	-91.76
gain	37	29	-91.76
gain	29	38	-95.07
gain	38	29	-95.07
gain	29	39	-104.36
gain	39	29	-104.36
gain	29	40	-109.21
gain	40	29	-109.21
gain	29	41	-105.94
gain	41	29	-105.94
gain	29	42	-104.38
gain	42	29	-104.38
gain	29	43	-106.80
gain	43	29	-106.80
gain	29	44	-87.02
gain	44	29	-87.02
gain	29	45	-104.85
gain	45	29	-104.85
gain	29	46	-103.57
gain	46	29	-103.57
gain	29	47	-111.96
gain	47	29	-111.96
gain	29	48	-117.12
gain	48	29	-117.12
gain	30	31	-83.02
gain	31	30	-83.02
gain	30	32	-94.72
gain	32	30	-94.72
gain	30	33	-90.72
gain	33	30	-90.72
gain	30	34	-106.54
gain	34	30	-106.54
gain	30	35	-99.50
gain	35	30	-99.50
gain	30	36	-92.84
gain	36	30	-92.84
gain	30	37	-80.16
gain	37	30	-80.16
gain	30	38	-80.84
gain	38	30	-80.84
gain	30	39	-104.02
gain	39	30	-104.02
gain	30	40	-102.46
gain	40	30	-102.46
gain	30	41	-96.31
gain	41	30	-96.31
gain	30	42	-95.98
gain	42	30	-95.98
gain	30	43	-104.52
gain	43	30	-104.52
gain	30	44	-95.55
gain	44	30	-95.55
gain	30	45	-100.16
gain	45	30	-100.16
gain	30	46	-98.95
gain	46	30	-98.95
gain	30	47	-104.48
gain	47	30	-104.48
gain	30	48	-101.78
gain	48	30	-101.78
gain	31	32	-81.79
gain	32	31	-81.79
gain	31	33	-98.90
gain	33	31	-98.90
gain	31	34	-97.53
gain	34	31	-97.53
gain	31	35	-102.49
gain	35	31	-102.49
gain	31	36	-98.82
gain	36	31	-98.82
gain	31	37	-90.57
gain	37	31	-90.57
gain	31	38	-82.61
gain	38	31	-82.61
gain	31	39	-98.74
gain	39	31	-98.74
gain	31	40	-103.61
gain	40	31	-103.61
gain	31	41	-104.37
gain	41	31	-104.37
gain	31	42	-100.95
gain	42	31	-100.95
gain	31	43	-101.87
gain	43	31	-101.87
gain	31	44	-96.71
gain	44	31	-96.71
gain	31	45	-96.20
gain	45	31	-96.20
gain	31	46	-101.10
gain	46	31	-101.10
gain	31	47	-104.49
gain	47	31	-104.49
gain	31	48	-107.01
gain	48	31	-107.01
gain	32	33	-78.42
gain	33	32	-78.42
gain	32	34	-89.27
gain	34	32	-89.27
gain	32	35	-111.08
gain	35	32	-111.08
gain	32	36	-99.57
gain	36	32	-99.57
gain	32	37	-100.37
gain	37	32	-100.37
gain	32	38	-88.97
gain	38	32	-88.97
gain	32	39	-90.38
gain	39	32	-90.38
gain	32	40	-89.05
gain	40	32	-89.05
gain	32	41	-90.84
gain	41	32	-90.84
gain	32	42	-100.07
gain	42	32	-100.07
gain	32	43	-108.96
gain	43	32	-108.96
gain	32	44	-99.57
gain	44	32	-99.57
gain	32	45	-94.14
gain	45	32	-94.14
gain	32	46	-95.04
gain	46	32	-95.04
gain	32	47	-97.21
gain	47	32	-97.21
gain	32	48	-96.76
gain	48	32	-96.76
gain	33	34	-84.62
gain	34	33	-84.62
gain	33	35	-114.45
gain	35	33	-114.45
gain	33	36	-113.63
gain	36	33	-113.63
gain	33	37	-106.61
gain	37	33	-106.61
gain	33	38	-82.03
gain	38	33	-82.03
gain	33	39	-82.38
gain	39	33	-82.38
gain	33	40	-94.42
gain	40	33	-94.42
gain	33	41	-92.62
gain	41	33	-92.62
gain	33	42	-100.78
gain	42	33	-100.78
gain	33	43	-111.75
gain	43	33	-111.75
gain	33	44	-109.25
gain	44	33	-109.25
gain	33	45	-95.21
gain	45	33	-95.21
gain	33	46	-98.51
gain	46	33	-98.51
gain	33	47	-96.16
gain	47	33	-96.16
gain	33	48	-91.55
gain	48	33	-91.55
gain	34	35	-111.84
gain	35	34	-111.84
gain	34	36	-113.13
gain	36	34	-113.13
gain	34	37	-105.27
gain	37	34	-105.27
gain	34	38	-101.90
gain	38	34	-101.90
gain	34	39	-99.25
gain	39	34	-99.25
gain	34	40	-91.67
gain	40	34	-91.67
gain	34	41	-74.75
gain	41	34	-74.75
gain	34	42	-105.84
gain	42	34	-105.84
gain	34	43	-112.95
gain	43	34	-112.95
gain	34	44	-92.93
gain	44	34	-92.93
gain	34	45	-106.33
gain	45	34	-106.33
gain	34	46	-106.01
gain	46	34	-106.01
gain	34	47	-93.11
gain	47	34	-93.11
gain	34	48	-98.80
gain	48	34	-98.80
gain	35	36	-80.27
gain	36	35	-80.27
gain	35	37	-97.18
gain	37	35	-97.18
gain	35	38	-105.99
gain	38	35	-105.99
gain	35	39	-106.84
gain	39	35	-106.84
gain	35	40	-116.91
gain	40	35	-116.91
gain	35	41	-111.13
gain	41	35	-111.13
gain	35	42	-93.26
gain	42	35	-93.26
gain	35	43	-99.50
gain	43	35	-99.50
gain	35	44	-94.37
gain	44	35	-94.37
gain	35	45	-92.93
gain	45	35	-92.93
gain	35	46	-106.55
gain	46	35	-106.55
gain	35	47	-108.16
gain	47	35	-108.16
gain	35	48	-116.40
gain	48	35	-116.40
gain	36	37	-88.43
