gain	0	1	-72.00
gain	1	0	-72.00
gain	0	2	-83.04
gain	2	0	-83.04
gain	0	3	-93.66
gain	3	0	-93.66
gain	0	4	-95.83
gain	4	0	-95.83
gain	0	5	-87.57
gain	5	0	-87.57
gain	0	6	-106.31
gain	6	0	-106.31
gain	0	7	-67.71
gain	7	0	-67.71
gain	0	8	-80.99
gain	8	0	-80.99
gain	0	9	-79.83
gain	9	0	-79.83
gain	0	10	-88.31
gain	10	0	-88.31
gain	0	11	-88.61
gain	11	0	-88.61
gain	0	12	-91.44
gain	12	0	-91.44
gain	0	13	-106.91
gain	13	0	-106.91
gain	0	14	-72.90
gain	14	0	-72.90
gain	0	15	-85.12
gain	15	0	-85.12
gain	0	16	-87.54
gain	16	0	-87.54
gain	0	17	-93.08
gain	17	0	-93.08
gain	0	18	-95.67
gain	18	0	-95.67
gain	0	19	-96.71
gain	19	0	-96.71
gain	0	20	-101.67
gain	20	0	-101.67
gain	0	21	-80.49
gain	21	0	-80.49
gain	0	22	-89.96
gain	22	0	-89.96
gain	0	23	-95.51
gain	23	0	-95.51
gain	0	24	-87.57
gain	24	0	-87.57
gain	0	25	-100.48
gain	25	0	-100.48
gain	0	26	-109.91
gain	26	0	-109.91
gain	0	27	-97.11
gain	27	0	-97.11
gain	0	28	-88.66
gain	28	0	-88.66
gain	0	29	-90.58
gain	29	0	-90.58
gain	0	30	-95.20
gain	30	0	-95.20
gain	0	31	-96.58
gain	31	0	-96.58
gain	0	32	-92.99
gain	32	0	-92.99
gain	0	33	-88.11
gain	33	0	-88.11
gain	0	34	-100.47
gain	34	0	-100.47
gain	0	35	-77.94
gain	35	0	-77.94
gain	0	36	-97.81
gain	36	0	-97.81
gain	0	37	-90.08
gain	37	0	-90.08
gain	0	38	-95.90
gain	38	0	-95.90
gain	0	39	-98.33
gain	39	0	-98.33
gain	0	40	-101.66
gain	40	0	-101.66
gain	0	41	-104.20
gain	41	0	-104.20
gain	0	42	-90.56
gain	42	0	-90.56
gain	0	43	-97.90
gain	43	0	-97.90
gain	0	44	-104.68
gain	44	0	-104.68
gain	0	45	-108.70
gain	45	0	-108.70
gain	0	46	-100.47
gain	46	0	-100.47
gain	0	47	-103.46
gain	47	0	-103.46
gain	0	48	-98.19
gain	48	0	-98.19
gain	1	2	-77.75
gain	2	1	-77.75
gain	1	3	-79.24
gain	3	1	-79.24
gain	1	4	-89.76
gain	4	1	-89.76
gain	1	5	-90.66
gain	5	1	-90.66
gain	1	6	-92.42
gain	6	1	-92.42
gain	1	7	-77.84
gain	7	1	-77.84
gain	1	8	-71.50
gain	8	1	-71.50
gain	1	9	-85.34
gain	9	1	-85.34
gain	1	10	-81.04
gain	10	1	-81.04
gain	1	11	-88.91
gain	11	1	-88.91
gain	1	12	-94.75
gain	12	1	-94.75
gain	1	13	-96.72
gain	13	1	-96.72
gain	1	14	-85.19
gain	14	1	-85.19
gain	1	15	-83.04
gain	15	1	-83.04
gain	1	16	-98.41
gain	16	1	-98.41
gain	1	17	-88.02
gain	17	1	-88.02
gain	1	18	-85.97
gain	18	1	-85.97
gain	1	19	-94.35
gain	19	1	-94.35
gain	1	20	-99.49
gain	20	1	-99.49
gain	1	21	-88.36
gain	21	1	-88.36
gain	1	22	-87.28
gain	22	1	-87.28
gain	1	23	-84.65
gain	23	1	-84.65
gain	1	24	-94.31
gain	24	1	-94.31
gain	1	25	-94.37
gain	25	1	-94.37
gain	1	26	-92.64
gain	26	1	-92.64
gain	1	27	-104.38
gain	27	1	-104.38
gain	1	28	-85.87
gain	28	1	-85.87
gain	1	29	-93.89
gain	29	1	-93.89
gain	1	30	-89.67
gain	30	1	-89.67
gain	1	31	-99.57
gain	31	1	-99.57
gain	1	32	-89.14
gain	32	1	-89.14
gain	1	33	-101.06
gain	33	1	-101.06
gain	1	34	-112.43
gain	34	1	-112.43
gain	1	35	-103.01
gain	35	1	-103.01
gain	1	36	-86.61
gain	36	1	-86.61
gain	1	37	-106.07
gain	37	1	-106.07
gain	1	38	-96.66
gain	38	1	-96.66
gain	1	39	-105.82
gain	39	1	-105.82
gain	1	40	-106.72
gain	40	1	-106.72
gain	1	41	-106.62
gain	41	1	-106.62
gain	1	42	-95.57
gain	42	1	-95.57
gain	1	43	-100.31
gain	43	1	-100.31
gain	1	44	-93.74
gain	44	1	-93.74
gain	1	45	-104.44
gain	45	1	-104.44
gain	1	46	-98.96
gain	46	1	-98.96
gain	1	47	-94.46
gain	47	1	-94.46
gain	1	48	-101.00
gain	48	1	-101.00
gain	2	3	-69.72
gain	3	2	-69.72
gain	2	4	-80.34
gain	4	2	-80.34
gain	2	5	-94.27
gain	5	2	-94.27
gain	2	6	-79.29
gain	6	2	-79.29
gain	2	7	-87.13
gain	7	2	-87.13
gain	2	8	-70.61
gain	8	2	-70.61
gain	2	9	-64.74
gain	9	2	-64.74
gain	2	10	-73.19
gain	10	2	-73.19
gain	2	11	-78.54
gain	11	2	-78.54
gain	2	12	-88.19
gain	12	2	-88.19
gain	2	13	-89.28
gain	13	2	-89.28
gain	2	14	-84.84
gain	14	2	-84.84
gain	2	15	-81.86
gain	15	2	-81.86
gain	2	16	-75.00
gain	16	2	-75.00
gain	2	17	-84.16
gain	17	2	-84.16
gain	2	18	-90.76
gain	18	2	-90.76
gain	2	19	-87.82
gain	19	2	-87.82
gain	2	20	-93.67
gain	20	2	-93.67
gain	2	21	-89.85
gain	21	2	-89.85
gain	2	22	-94.91
gain	22	2	-94.91
gain	2	23	-85.73
gain	23	2	-85.73
gain	2	24	-89.04
gain	24	2	-89.04
gain	2	25	-102.39
gain	25	2	-102.39
gain	2	26	-86.44
gain	26	2	-86.44
gain	2	27	-92.94
gain	27	2	-92.94
gain	2	28	-97.35
gain	28	2	-97.35
gain	2	29	-96.56
gain	29	2	-96.56
gain	2	30	-91.77
gain	30	2	-91.77
gain	2	31	-91.03
gain	31	2	-91.03
gain	2	32	-98.59
gain	32	2	-98.59
gain	2	33	-97.10
gain	33	2	-97.10
gain	2	34	-96.29
gain	34	2	-96.29
gain	2	35	-89.06
gain	35	2	-89.06
gain	2	36	-93.01
gain	36	2	-93.01
gain	2	37	-102.78
gain	37	2	-102.78
gain	2	38	-94.20
gain	38	2	-94.20
gain	2	39	-102.97
gain	39	2	-102.97
gain	2	40	-103.74
gain	40	2	-103.74
gain	2	41	-101.36
gain	41	2	-101.36
gain	2	42	-95.21
gain	42	2	-95.21
gain	2	43	-91.84
gain	43	2	-91.84
gain	2	44	-87.12
gain	44	2	-87.12
gain	2	45	-94.37
gain	45	2	-94.37
gain	2	46	-103.37
gain	46	2	-103.37
gain	2	47	-105.25
gain	47	2	-105.25
gain	2	48	-103.50
gain	48	2	-103.50
gain	3	4	-70.30
gain	4	3	-70.30
gain	3	5	-82.66
gain	5	3	-82.66
gain	3	6	-79.36
gain	6	3	-79.36
gain	3	7	-90.13
gain	7	3	-90.13
gain	3	8	-76.76
gain	8	3	-76.76
gain	3	9	-77.26
gain	9	3	-77.26
gain	3	10	-75.74
gain	10	3	-75.74
gain	3	11	-72.38
gain	11	3	-72.38
gain	3	12	-75.26
gain	12	3	-75.26
gain	3	13	-85.50
gain	13	3	-85.50
gain	3	14	-87.87
gain	14	3	-87.87
gain	3	15	-81.67
gain	15	3	-81.67
gain	3	16	-92.65
gain	16	3	-92.65
gain	3	17	-78.86
gain	17	3	-78.86
gain	3	18	-74.30
gain	18	3	-74.30
gain	3	19	-75.45
gain	19	3	-75.45
gain	3	20	-84.23
gain	20	3	-84.23
gain	3	21	-95.97
gain	21	3	-95.97
gain	3	22	-84.15
gain	22	3	-84.15
gain	3	23	-88.07
gain	23	3	-88.07
gain	3	24	-84.90
gain	24	3	-84.90
gain	3	25	-86.35
gain	25	3	-86.35
gain	3	26	-90.37
gain	26	3	-90.37
gain	3	27	-95.66
gain	27	3	-95.66
gain	3	28	-82.05
gain	28	3	-82.05
gain	3	29	-90.29
gain	29	3	-90.29
gain	3	30	-103.93
gain	30	3	-103.93
gain	3	31	-90.14
gain	31	3	-90.14
gain	3	32	-93.18
gain	32	3	-93.18
gain	3	33	-91.11
gain	33	3	-91.11
gain	3	34	-95.19
gain	34	3	-95.19
gain	3	35	-99.21
gain	35	3	-99.21
gain	3	36	-95.60
gain	36	3	-95.60
gain	3	37	-98.38
gain	37	3	-98.38
gain	3	38	-94.99
gain	38	3	-94.99
gain	3	39	-88.66
gain	39	3	-88.66
gain	3	40	-102.31
gain	40	3	-102.31
gain	3	41	-102.34
gain	41	3	-102.34
gain	3	42	-103.73
gain	42	3	-103.73
gain	3	43	-103.15
gain	43	3	-103.15
gain	3	44	-83.43
gain	44	3	-83.43
gain	3	45	-94.63
gain	45	3	-94.63
gain	3	46	-93.46
gain	46	3	-93.46
gain	3	47	-105.28
gain	47	3	-105.28
gain	3	48	-100.40
gain	48	3	-100.40
gain	4	5	-73.11
gain	5	4	-73.11
gain	4	6	-83.98
gain	6	4	-83.98
gain	4	7	-85.95
gain	7	4	-85.95
gain	4	8	-79.58
gain	8	4	-79.58
gain	4	9	-77.04
gain	9	4	-77.04
gain	4	10	-79.55
gain	10	4	-79.55
gain	4	11	-74.66
gain	11	4	-74.66
gain	4	12	-79.29
gain	12	4	-79.29
gain	4	13	-80.08
gain	13	4	-80.08
gain	4	14	-93.62
gain	14	4	-93.62
gain	4	15	-95.76
gain	15	4	-95.76
gain	4	16	-89.34
gain	16	4	-89.34
gain	4	17	-80.52
gain	17	4	-80.52
gain	4	18	-75.95
gain	18	4	-75.95
gain	4	19	-84.71
gain	19	4	-84.71
gain	4	20	-90.93
gain	20	4	-90.93
gain	4	21	-86.52
gain	21	4	-86.52
gain	4	22	-87.97
gain	22	4	-87.97
gain	4	23	-87.00
gain	23	4	-87.00
gain	4	24	-93.41
gain	24	4	-93.41
gain	4	25	-83.80
gain	25	4	-83.80
gain	4	26	-98.29
gain	26	4	-98.29
gain	4	27	-94.37
gain	27	4	-94.37
gain	4	28	-90.59
gain	28	4	-90.59
gain	4	29	-96.64
gain	29	4	-96.64
gain	4	30	-102.18
gain	30	4	-102.18
gain	4	31	-98.75
gain	31	4	-98.75
gain	4	32	-97.36
gain	32	4	-97.36
gain	4	33	-78.64
gain	33	4	-78.64
gain	4	34	-104.06
gain	34	4	-104.06
gain	4	35	-100.26
gain	35	4	-100.26
gain	4	36	-99.33
gain	36	4	-99.33
gain	4	37	-96.04
gain	37	4	-96.04
gain	4	38	-97.70
gain	38	4	-97.70
gain	4	39	-96.29
gain	39	4	-96.29
gain	4	40	-100.83
gain	40	4	-100.83
gain	4	41	-90.09
gain	41	4	-90.09
gain	4	42	-94.42
gain	42	4	-94.42
gain	4	43	-101.87
gain	43	4	-101.87
gain	4	44	-109.80
gain	44	4	-109.80
gain	4	45	-94.03
gain	45	4	-94.03
gain	4	46	-104.02
gain	46	4	-104.02
gain	4	47	-90.42
gain	47	4	-90.42
gain	4	48	-93.81
gain	48	4	-93.81
gain	5	6	-66.26
gain	6	5	-66.26
gain	5	7	-98.49
gain	7	5	-98.49
gain	5	8	-94.29
gain	8	5	-94.29
gain	5	9	-90.37
gain	9	5	-90.37
gain	5	10	-84.13
gain	10	5	-84.13
gain	5	11	-73.95
gain	11	5	-73.95
gain	5	12	-68.57
gain	12	5	-68.57
gain	5	13	-84.47
gain	13	5	-84.47
gain	5	14	-95.58
gain	14	5	-95.58
gain	5	15	-86.32
gain	15	5	-86.32
gain	5	16	-84.27
gain	16	5	-84.27
gain	5	17	-86.56
gain	17	5	-86.56
gain	5	18	-84.42
gain	18	5	-84.42
gain	5	19	-85.91
gain	19	5	-85.91
gain	5	20	-94.62
gain	20	5	-94.62
gain	5	21	-92.00
gain	21	5	-92.00
gain	5	22	-88.43
gain	22	5	-88.43
gain	5	23	-99.30
gain	23	5	-99.30
gain	5	24	-92.19
gain	24	5	-92.19
gain	5	25	-88.40
gain	25	5	-88.40
gain	5	26	-83.92
gain	26	5	-83.92
gain	5	27	-89.20
gain	27	5	-89.20
gain	5	28	-92.88
gain	28	5	-92.88
gain	5	29	-98.05
gain	29	5	-98.05
gain	5	30	-90.00
gain	30	5	-90.00
gain	5	31	-94.02
gain	31	5	-94.02
gain	5	32	-94.46
gain	32	5	-94.46
gain	5	33	-87.69
gain	33	5	-87.69
gain	5	34	-99.28
gain	34	5	-99.28
gain	5	35	-99.63
gain	35	5	-99.63
gain	5	36	-99.75
gain	36	5	-99.75
gain	5	37	-99.20
gain	37	5	-99.20
gain	5	38	-96.55
gain	38	5	-96.55
gain	5	39	-95.62
gain	39	5	-95.62
gain	5	40	-89.89
gain	40	5	-89.89
gain	5	41	-92.32
gain	41	5	-92.32
gain	5	42	-97.92
gain	42	5	-97.92
gain	5	43	-94.42
gain	43	5	-94.42
gain	5	44	-100.25
gain	44	5	-100.25
gain	5	45	-95.49
gain	45	5	-95.49
gain	5	46	-95.28
gain	46	5	-95.28
gain	5	47	-108.01
gain	47	5	-108.01
gain	5	48	-101.54
gain	48	5	-101.54
gain	6	7	-101.74
gain	7	6	-101.74
gain	6	8	-96.69
gain	8	6	-96.69
gain	6	9	-98.32
gain	9	6	-98.32
gain	6	10	-83.28
gain	10	6	-83.28
gain	6	11	-87.55
gain	11	6	-87.55
gain	6	12	-81.19
gain	12	6	-81.19
gain	6	13	-80.17
gain	13	6	-80.17
gain	6	14	-100.23
gain	14	6	-100.23
gain	6	15	-105.32
gain	15	6	-105.32
gain	6	16	-97.17
gain	16	6	-97.17
gain	6	17	-79.19
gain	17	6	-79.19
gain	6	18	-87.94
gain	18	6	-87.94
gain	6	19	-85.49
gain	19	6	-85.49
gain	6	20	-73.40
gain	20	6	-73.40
gain	6	21	-99.56
gain	21	6	-99.56
gain	6	22	-88.16
gain	22	6	-88.16
gain	6	23	-98.75
gain	23	6	-98.75
gain	6	24	-95.51
gain	24	6	-95.51
gain	6	25	-87.48
gain	25	6	-87.48
gain	6	26	-85.49
gain	26	6	-85.49
gain	6	27	-90.46
gain	27	6	-90.46
gain	6	28	-96.44
gain	28	6	-96.44
gain	6	29	-93.90
gain	29	6	-93.90
gain	6	30	-95.77
gain	30	6	-95.77
gain	6	31	-97.48
gain	31	6	-97.48
gain	6	32	-91.97
gain	32	6	-91.97
gain	6	33	-91.44
gain	33	6	-91.44
gain	6	34	-83.91
gain	34	6	-83.91
gain	6	35	-101.78
gain	35	6	-101.78
gain	6	36	-96.82
gain	36	6	-96.82
gain	6	37	-102.15
gain	37	6	-102.15
gain	6	38	-100.90
gain	38	6	-100.90
gain	6	39	-94.92
gain	39	6	-94.92
gain	6	40	-102.83
gain	40	6	-102.83
gain	6	41	-93.11
gain	41	6	-93.11
gain	6	42	-99.93
gain	42	6	-99.93
gain	6	43	-97.92
gain	43	6	-97.92
gain	6	44	-96.82
gain	44	6	-96.82
gain	6	45	-99.08
gain	45	6	-99.08
gain	6	46	-100.73
gain	46	6	-100.73
gain	6	47	-106.07
gain	47	6	-106.07
gain	6	48	-101.18
gain	48	6	-101.18
gain	7	8	-78.17
gain	8	7	-78.17
gain	7	9	-80.83
gain	9	7	-80.83
gain	7	10	-84.43
gain	10	7	-84.43
gain	7	11	-97.21
gain	11	7	-97.21
gain	7	12	-102.24
gain	12	7	-102.24
gain	7	13	-99.67
gain	13	7	-99.67
gain	7	14	-70.39
gain	14	7	-70.39
gain	7	15	-76.05
gain	15	7	-76.05
gain	7	16	-86.95
gain	16	7	-86.95
gain	7	17	-96.48
gain	17	7	-96.48
gain	7	18	-94.35
gain	18	7	-94.35
gain	7	19	-96.61
gain	19	7	-96.61
gain	7	20	-105.93
gain	20	7	-105.93
gain	7	21	-80.87
gain	21	7	-80.87
gain	7	22	-83.38
gain	22	7	-83.38
gain	7	23	-87.60
gain	23	7	-87.60
gain	7	24	-83.15
gain	24	7	-83.15
gain	7	25	-95.78
gain	25	7	-95.78
gain	7	26	-98.01
gain	26	7	-98.01
gain	7	27	-110.51
gain	27	7	-110.51
gain	7	28	-86.05
gain	28	7	-86.05
gain	7	29	-89.48
gain	29	7	-89.48
gain	7	30	-82.54
gain	30	7	-82.54
gain	7	31	-100.72
gain	31	7	-100.72
gain	7	32	-97.56
gain	32	7	-97.56
gain	7	33	-94.56
gain	33	7	-94.56
gain	7	34	-115.71
gain	34	7	-115.71
gain	7	35	-87.66
gain	35	7	-87.66
gain	7	36	-93.61
gain	36	7	-93.61
gain	7	37	-99.51
gain	37	7	-99.51
gain	7	38	-90.86
gain	38	7	-90.86
gain	7	39	-94.13
gain	39	7	-94.13
gain	7	40	-92.37
gain	40	7	-92.37
gain	7	41	-98.52
gain	41	7	-98.52
gain	7	42	-99.75
gain	42	7	-99.75
gain	7	43	-94.11
gain	43	7	-94.11
gain	7	44	-92.20
gain	44	7	-92.20
gain	7	45	-91.69
gain	45	7	-91.69
gain	7	46	-99.63
gain	46	7	-99.63
gain	7	47	-97.14
gain	47	7	-97.14
gain	7	48	-106.68
gain	48	7	-106.68
gain	8	9	-80.23
gain	9	8	-80.23
gain	8	10	-81.17
gain	10	8	-81.17
gain	8	11	-90.41
gain	11	8	-90.41
gain	8	12	-97.83
gain	12	8	-97.83
gain	8	13	-104.23
gain	13	8	-104.23
gain	8	14	-81.10
gain	14	8	-81.10
gain	8	15	-73.18
gain	15	8	-73.18
gain	8	16	-72.28
gain	16	8	-72.28
gain	8	17	-80.90
gain	17	8	-80.90
gain	8	18	-83.06
gain	18	8	-83.06
gain	8	19	-79.56
gain	19	8	-79.56
gain	8	20	-95.11
gain	20	8	-95.11
gain	8	21	-86.89
gain	21	8	-86.89
gain	8	22	-84.74
gain	22	8	-84.74
gain	8	23	-87.28
gain	23	8	-87.28
gain	8	24	-88.67
gain	24	8	-88.67
gain	8	25	-88.11
gain	25	8	-88.11
gain	8	26	-103.04
gain	26	8	-103.04
gain	8	27	-88.82
gain	27	8	-88.82
gain	8	28	-89.03
gain	28	8	-89.03
gain	8	29	-84.20
gain	29	8	-84.20
gain	8	30	-84.56
gain	30	8	-84.56
gain	8	31	-81.40
gain	31	8	-81.40
gain	8	32	-92.20
gain	32	8	-92.20
gain	8	33	-97.63
gain	33	8	-97.63
gain	8	34	-101.86
gain	34	8	-101.86
gain	8	35	-99.38
gain	35	8	-99.38
gain	8	36	-91.02
gain	36	8	-91.02
gain	8	37	-98.27
gain	37	8	-98.27
gain	8	38	-92.66
gain	38	8	-92.66
gain	8	39	-96.16
gain	39	8	-96.16
gain	8	40	-105.34
gain	40	8	-105.34
gain	8	41	-101.40
gain	41	8	-101.40
gain	8	42	-93.13
gain	42	8	-93.13
gain	8	43	-102.24
gain	43	8	-102.24
gain	8	44	-96.81
gain	44	8	-96.81
gain	8	45	-90.88
gain	45	8	-90.88
gain	8	46	-100.55
gain	46	8	-100.55
gain	8	47	-102.24
gain	47	8	-102.24
gain	8	48	-107.79
gain	48	8	-107.79
gain	9	10	-70.22
gain	10	9	-70.22
gain	9	11	-83.60
gain	11	9	-83.60
gain	9	12	-83.91
gain	12	9	-83.91
gain	9	13	-96.71
gain	13	9	-96.71
gain	9	14	-78.19
gain	14	9	-78.19
gain	9	15	-77.85
gain	15	9	-77.85
gain	9	16	-79.39
gain	16	9	-79.39
gain	9	17	-74.35
gain	17	9	-74.35
gain	9	18	-83.37
gain	18	9	-83.37
gain	9	19	-85.61
gain	19	9	-85.61
gain	9	20	-92.96
gain	20	9	-92.96
gain	9	21	-86.33
gain	21	9	-86.33
gain	9	22	-79.40
gain	22	9	-79.40
gain	9	23	-88.84
gain	23	9	-88.84
gain	9	24	-87.56
gain	24	9	-87.56
gain	9	25	-78.46
gain	25	9	-78.46
gain	9	26	-97.62
gain	26	9	-97.62
gain	9	27	-98.93
gain	27	9	-98.93
gain	9	28	-91.03
gain	28	9	-91.03
gain	9	29	-87.13
gain	29	9	-87.13
gain	9	30	-85.28
gain	30	9	-85.28
gain	9	31	-86.46
gain	31	9	-86.46
gain	9	32	-87.85
gain	32	9	-87.85
gain	9	33	-87.69
gain	33	9	-87.69
gain	9	34	-96.83
gain	34	9	-96.83
gain	9	35	-96.31
gain	35	9	-96.31
gain	9	36	-91.73
gain	36	9	-91.73
gain	9	37	-91.26
gain	37	9	-91.26
gain	9	38	-89.77
gain	38	9	-89.77
gain	9	39	-86.51
gain	39	9	-86.51
gain	9	40	-96.99
gain	40	9	-96.99
gain	9	41	-95.71
gain	41	9	-95.71
gain	9	42	-97.11
gain	42	9	-97.11
gain	9	43	-98.54
gain	43	9	-98.54
gain	9	44	-102.26
gain	44	9	-102.26
gain	9	45	-94.78
gain	45	9	-94.78
gain	9	46	-86.74
gain	46	9	-86.74
gain	9	47	-97.82
gain	47	9	-97.82
gain	9	48	-91.05
gain	48	9	-91.05
gain	10	11	-71.45
gain	11	10	-71.45
gain	10	12	-78.87
gain	12	10	-78.87
gain	10	13	-89.99
gain	13	10	-89.99
gain	10	14	-84.98
gain	14	10	-84.98
gain	10	15	-72.02
gain	15	10	-72.02
gain	10	16	-80.17
gain	16	10	-80.17
gain	10	17	-71.35
gain	17	10	-71.35
gain	10	18	-83.90
gain	18	10	-83.90
gain	10	19	-76.71
gain	19	10	-76.71
gain	10	20	-89.89
gain	20	10	-89.89
gain	10	21	-87.65
gain	21	10	-87.65
gain	10	22	-80.58
gain	22	10	-80.58
gain	10	23	-68.40
gain	23	10	-68.40
gain	10	24	-79.40
gain	24	10	-79.40
gain	10	25	-73.77
gain	25	10	-73.77
gain	10	26	-84.62
gain	26	10	-84.62
gain	10	27	-88.34
gain	27	10	-88.34
gain	10	28	-89.45
gain	28	10	-89.45
gain	10	29	-90.58
gain	29	10	-90.58
gain	10	30	-94.85
gain	30	10	-94.85
gain	10	31	-91.75
gain	31	10	-91.75
gain	10	32	-79.96
gain	32	10	-79.96
gain	10	33	-89.75
gain	33	10	-89.75
gain	10	34	-89.46
gain	34	10	-89.46
gain	10	35	-92.53
gain	35	10	-92.53
gain	10	36	-89.05
gain	36	10	-89.05
gain	10	37	-88.58
gain	37	10	-88.58
gain	10	38	-88.35
gain	38	10	-88.35
gain	10	39	-90.26
gain	39	10	-90.26
gain	10	40	-98.17
gain	40	10	-98.17
gain	10	41	-99.80
gain	41	10	-99.80
gain	10	42	-100.73
gain	42	10	-100.73
gain	10	43	-97.75
gain	43	10	-97.75
gain	10	44	-84.16
gain	44	10	-84.16
gain	10	45	-102.77
gain	45	10	-102.77
gain	10	46	-93.85
gain	46	10	-93.85
gain	10	47	-100.31
gain	47	10	-100.31
gain	10	48	-95.94
gain	48	10	-95.94
gain	11	12	-60.02
gain	12	11	-60.02
gain	11	13	-83.73
gain	13	11	-83.73
gain	11	14	-85.71
gain	14	11	-85.71
gain	11	15	-90.77
gain	15	11	-90.77
gain	11	16	-92.43
gain	16	11	-92.43
gain	11	17	-70.60
gain	17	11	-70.60
gain	11	18	-75.77
gain	18	11	-75.77
gain	11	19	-78.69
gain	19	11	-78.69
gain	11	20	-81.88
gain	20	11	-81.88
gain	11	21	-95.20
gain	21	11	-95.20
gain	11	22	-90.61
gain	22	11	-90.61
gain	11	23	-97.61
gain	23	11	-97.61
gain	11	24	-85.69
gain	24	11	-85.69
gain	11	25	-79.09
gain	25	11	-79.09
gain	11	26	-86.38
gain	26	11	-86.38
gain	11	27	-88.62
gain	27	11	-88.62
gain	11	28	-85.44
gain	28	11	-85.44
gain	11	29	-87.68
gain	29	11	-87.68
gain	11	30	-88.63
gain	30	11	-88.63
gain	11	31	-90.26
gain	31	11	-90.26
gain	11	32	-84.22
gain	32	11	-84.22
gain	11	33	-93.17
gain	33	11	-93.17
gain	11	34	-96.17
gain	34	11	-96.17
gain	11	35	-92.73
gain	35	11	-92.73
gain	11	36	-92.63
gain	36	11	-92.63
gain	11	37	-86.74
gain	37	11	-86.74
gain	11	38	-93.22
gain	38	11	-93.22
gain	11	39	-93.83
gain	39	11	-93.83
gain	11	40	-94.11
gain	40	11	-94.11
gain	11	41	-101.98
gain	41	11	-101.98
gain	11	42	-96.47
gain	42	11	-96.47
gain	11	43	-96.90
gain	43	11	-96.90
gain	11	44	-84.45
gain	44	11	-84.45
gain	11	45	-99.45
gain	45	11	-99.45
gain	11	46	-81.37
gain	46	11	-81.37
gain	11	47	-88.66
gain	47	11	-88.66
gain	11	48	-105.78
gain	48	11	-105.78
gain	12	13	-67.23
gain	13	12	-67.23
gain	12	14	-100.29
gain	14	12	-100.29
gain	12	15	-87.27
gain	15	12	-87.27
gain	12	16	-87.70
gain	16	12	-87.70
gain	12	17	-83.17
gain	17	12	-83.17
gain	12	18	-76.09
gain	18	12	-76.09
gain	12	19	-68.89
gain	19	12	-68.89
gain	12	20	-81.42
gain	20	12	-81.42
gain	12	21	-94.59
gain	21	12	-94.59
gain	12	22	-87.50
gain	22	12	-87.50
gain	12	23	-98.62
gain	23	12	-98.62
gain	12	24	-84.56
gain	24	12	-84.56
gain	12	25	-89.19
gain	25	12	-89.19
gain	12	26	-66.58
gain	26	12	-66.58
gain	12	27	-90.23
gain	27	12	-90.23
gain	12	28	-113.82
gain	28	12	-113.82
gain	12	29	-93.69
gain	29	12	-93.69
gain	12	30	-90.66
gain	30	12	-90.66
gain	12	31	-80.34
gain	31	12	-80.34
gain	12	32	-97.17
gain	32	12	-97.17
gain	12	33	-85.07
gain	33	12	-85.07
gain	12	34	-82.63
gain	34	12	-82.63
gain	12	35	-94.40
gain	35	12	-94.40
gain	12	36	-89.46
gain	36	12	-89.46
gain	12	37	-90.47
gain	37	12	-90.47
gain	12	38	-97.26
gain	38	12	-97.26
gain	12	39	-89.66
gain	39	12	-89.66
gain	12	40	-83.36
gain	40	12	-83.36
gain	12	41	-107.00
gain	41	12	-107.00
gain	12	42	-94.96
gain	42	12	-94.96
gain	12	43	-88.30
gain	43	12	-88.30
gain	12	44	-98.50
gain	44	12	-98.50
gain	12	45	-95.83
gain	45	12	-95.83
gain	12	46	-90.96
gain	46	12	-90.96
gain	12	47	-94.72
gain	47	12	-94.72
gain	12	48	-81.51
gain	48	12	-81.51
gain	13	14	-98.78
gain	14	13	-98.78
gain	13	15	-99.07
gain	15	13	-99.07
gain	13	16	-91.44
gain	16	13	-91.44
gain	13	17	-109.50
gain	17	13	-109.50
gain	13	18	-84.24
gain	18	13	-84.24
gain	13	19	-78.21
gain	19	13	-78.21
gain	13	20	-68.51
gain	20	13	-68.51
gain	13	21	-100.57
gain	21	13	-100.57
gain	13	22	-104.48
gain	22	13	-104.48
gain	13	23	-93.75
gain	23	13	-93.75
gain	13	24	-84.21
gain	24	13	-84.21
gain	13	25	-80.78
gain	25	13	-80.78
gain	13	26	-85.49
gain	26	13	-85.49
gain	13	27	-82.19
gain	27	13	-82.19
gain	13	28	-95.70
gain	28	13	-95.70
gain	13	29	-95.46
gain	29	13	-95.46
gain	13	30	-102.19
gain	30	13	-102.19
gain	13	31	-91.02
gain	31	13	-91.02
gain	13	32	-83.12
gain	32	13	-83.12
gain	13	33	-92.86
gain	33	13	-92.86
gain	13	34	-92.97
gain	34	13	-92.97
gain	13	35	-96.81
gain	35	13	-96.81
gain	13	36	-92.81
gain	36	13	-92.81
gain	13	37	-103.25
gain	37	13	-103.25
gain	13	38	-99.60
gain	38	13	-99.60
gain	13	39	-91.73
gain	39	13	-91.73
gain	13	40	-93.62
gain	40	13	-93.62
gain	13	41	-90.28
gain	41	13	-90.28
gain	13	42	-107.62
gain	42	13	-107.62
gain	13	43	-100.12
gain	43	13	-100.12
gain	13	44	-90.10
gain	44	13	-90.10
gain	13	45	-94.50
gain	45	13	-94.50
gain	13	46	-103.75
gain	46	13	-103.75
gain	13	47	-95.02
gain	47	13	-95.02
gain	13	48	-89.00
gain	48	13	-89.00
gain	14	15	-75.97
gain	15	14	-75.97
gain	14	16	-80.82
gain	16	14	-80.82
gain	14	17	-84.59
gain	17	14	-84.59
gain	14	18	-95.09
gain	18	14	-95.09
gain	14	19	-98.85
gain	19	14	-98.85
gain	14	20	-100.84
gain	20	14	-100.84
gain	14	21	-71.07
gain	21	14	-71.07
gain	14	22	-78.99
gain	22	14	-78.99
gain	14	23	-74.86
gain	23	14	-74.86
gain	14	24	-78.32
gain	24	14	-78.32
gain	14	25	-96.75
gain	25	14	-96.75
gain	14	26	-94.84
gain	26	14	-94.84
gain	14	27	-97.48
gain	27	14	-97.48
gain	14	28	-83.32
gain	28	14	-83.32
gain	14	29	-86.87
gain	29	14	-86.87
gain	14	30	-82.73
gain	30	14	-82.73
gain	14	31	-93.97
gain	31	14	-93.97
gain	14	32	-98.94
gain	32	14	-98.94
gain	14	33	-97.47
gain	33	14	-97.47
gain	14	34	-101.31
gain	34	14	-101.31
gain	14	35	-81.39
gain	35	14	-81.39
gain	14	36	-94.37
gain	36	14	-94.37
gain	14	37	-87.81
gain	37	14	-87.81
gain	14	38	-99.14
gain	38	14	-99.14
gain	14	39	-96.82
gain	39	14	-96.82
gain	14	40	-89.18
gain	40	14	-89.18
gain	14	41	-87.13
gain	41	14	-87.13
gain	14	42	-101.19
gain	42	14	-101.19
gain	14	43	-84.12
gain	43	14	-84.12
gain	14	44	-101.08
gain	44	14	-101.08
gain	14	45	-95.91
gain	45	14	-95.91
gain	14	46	-101.41
gain	46	14	-101.41
gain	14	47	-94.42
gain	47	14	-94.42
gain	14	48	-93.70
gain	48	14	-93.70
gain	15	16	-79.38
gain	16	15	-79.38
gain	15	17	-78.67
gain	17	15	-78.67
gain	15	18	-87.68
gain	18	15	-87.68
gain	15	19	-92.82
gain	19	15	-92.82
gain	15	20	-98.28
gain	20	15	-98.28
gain	15	21	-79.97
gain	21	15	-79.97
gain	15	22	-77.32
gain	22	15	-77.32
gain	15	23	-84.69
gain	23	15	-84.69
gain	15	24	-84.91
gain	24	15	-84.91
gain	15	25	-87.85
gain	25	15	-87.85
gain	15	26	-86.45
gain	26	15	-86.45
gain	15	27	-88.19
gain	27	15	-88.19
gain	15	28	-68.20
gain	28	15	-68.20
gain	15	29	-74.65
gain	29	15	-74.65
gain	15	30	-92.34
gain	30	15	-92.34
gain	15	31	-83.75
gain	31	15	-83.75
gain	15	32	-84.25
gain	32	15	-84.25
gain	15	33	-89.60
gain	33	15	-89.60
gain	15	34	-89.63
gain	34	15	-89.63
gain	15	35	-95.07
gain	35	15	-95.07
gain	15	36	-81.44
gain	36	15	-81.44
gain	15	37	-97.48
gain	37	15	-97.48
gain	15	38	-87.16
gain	38	15	-87.16
gain	15	39	-88.38
gain	39	15	-88.38
gain	15	40	-93.93
gain	40	15	-93.93
gain	15	41	-102.12
gain	41	15	-102.12
gain	15	42	-95.95
gain	42	15	-95.95
gain	15	43	-90.00
gain	43	15	-90.00
gain	15	44	-89.51
gain	44	15	-89.51
gain	15	45	-94.63
gain	45	15	-94.63
gain	15	46	-93.87
gain	46	15	-93.87
gain	15	47	-99.23
gain	47	15	-99.23
gain	15	48	-115.11
gain	48	15	-115.11
gain	16	17	-71.09
gain	17	16	-71.09
gain	16	18	-79.91
gain	18	16	-79.91
gain	16	19	-93.13
gain	19	16	-93.13
gain	16	20	-95.29
gain	20	16	-95.29
gain	16	21	-73.91
gain	21	16	-73.91
gain	16	22	-67.88
gain	22	16	-67.88
gain	16	23	-70.32
gain	23	16	-70.32
gain	16	24	-86.54
gain	24	16	-86.54
gain	16	25	-67.91
gain	25	16	-67.91
gain	16	26	-89.07
gain	26	16	-89.07
gain	16	27	-88.52
gain	27	16	-88.52
gain	16	28	-87.06
gain	28	16	-87.06
gain	16	29	-84.37
gain	29	16	-84.37
gain	16	30	-80.51
gain	30	16	-80.51
gain	16	31	-84.24
gain	31	16	-84.24
gain	16	32	-76.97
gain	32	16	-76.97
gain	16	33	-91.12
gain	33	16	-91.12
gain	16	34	-93.21
gain	34	16	-93.21
gain	16	35	-92.59
gain	35	16	-92.59
gain	16	36	-96.98
gain	36	16	-96.98
gain	16	37	-88.70
gain	37	16	-88.70
gain	16	38	-94.73
gain	38	16	-94.73
gain	16	39	-89.47
gain	39	16	-89.47
gain	16	40	-102.51
gain	40	16	-102.51
gain	16	41	-107.12
gain	41	16	-107.12
gain	16	42	-85.07
gain	42	16	-85.07
gain	16	43	-82.67
gain	43	16	-82.67
gain	16	44	-95.80
gain	44	16	-95.80
gain	16	45	-84.25
gain	45	16	-84.25
gain	16	46	-94.35
gain	46	16	-94.35
gain	16	47	-94.26
gain	47	16	-94.26
gain	16	48	-97.73
gain	48	16	-97.73
gain	17	18	-69.25
gain	18	17	-69.25
gain	17	19	-88.94
gain	19	17	-88.94
gain	17	20	-94.27
gain	20	17	-94.27
gain	17	21	-91.82
gain	21	17	-91.82
gain	17	22	-77.36
gain	22	17	-77.36
gain	17	23	-78.64
gain	23	17	-78.64
gain	17	24	-74.85
gain	24	17	-74.85
gain	17	25	-68.77
gain	25	17	-68.77
gain	17	26	-87.83
gain	26	17	-87.83
gain	17	27	-88.78
gain	27	17	-88.78
gain	17	28	-83.86
gain	28	17	-83.86
gain	17	29	-81.70
gain	29	17	-81.70
gain	17	30	-82.23
gain	30	17	-82.23
gain	17	31	-79.58
gain	31	17	-79.58
gain	17	32	-91.94
gain	32	17	-91.94
gain	17	33	-86.07
gain	33	17	-86.07
gain	17	34	-91.18
gain	34	17	-91.18
gain	17	35	-90.64
gain	35	17	-90.64
gain	17	36	-94.31
gain	36	17	-94.31
gain	17	37	-84.57
gain	37	17	-84.57
gain	17	38	-94.89
gain	38	17	-94.89
gain	17	39	-83.47
gain	39	17	-83.47
gain	17	40	-100.70
gain	40	17	-100.70
gain	17	41	-95.15
gain	41	17	-95.15
gain	17	42	-91.77
gain	42	17	-91.77
gain	17	43	-100.59
gain	43	17	-100.59
gain	17	44	-90.64
gain	44	17	-90.64
gain	17	45	-99.00
gain	45	17	-99.00
gain	17	46	-80.26
gain	46	17	-80.26
gain	17	47	-90.87
gain	47	17	-90.87
gain	17	48	-100.72
gain	48	17	-100.72
gain	18	19	-77.28
gain	19	18	-77.28
gain	18	20	-85.76
gain	20	18	-85.76
gain	18	21	-96.90
gain	21	18	-96.90
gain	18	22	-87.85
gain	22	18	-87.85
gain	18	23	-79.54
gain	23	18	-79.54
gain	18	24	-81.65
gain	24	18	-81.65
gain	18	25	-73.15
gain	25	18	-73.15
gain	18	26	-81.06
gain	26	18	-81.06
gain	18	27	-92.85
gain	27	18	-92.85
gain	18	28	-95.87
gain	28	18	-95.87
gain	18	29	-90.39
gain	29	18	-90.39
gain	18	30	-84.53
gain	30	18	-84.53
gain	18	31	-80.10
gain	31	18	-80.10
gain	18	32	-77.47
gain	32	18	-77.47
gain	18	33	-87.04
gain	33	18	-87.04
gain	18	34	-82.29
gain	34	18	-82.29
gain	18	35	-99.97
gain	35	18	-99.97
gain	18	36	-84.42
gain	36	18	-84.42
gain	18	37	-89.60
gain	37	18	-89.60
gain	18	38	-78.53
gain	38	18	-78.53
gain	18	39	-86.27
gain	39	18	-86.27
gain	18	40	-89.72
gain	40	18	-89.72
gain	18	41	-97.37
gain	41	18	-97.37
gain	18	42	-81.55
gain	42	18	-81.55
gain	18	43	-96.18
gain	43	18	-96.18
gain	18	44	-85.19
gain	44	18	-85.19
gain	18	45	-89.05
gain	45	18	-89.05
gain	18	46	-86.04
gain	46	18	-86.04
gain	18	47	-96.57
gain	47	18	-96.57
gain	18	48	-93.14
gain	48	18	-93.14
gain	19	20	-77.74
gain	20	19	-77.74
gain	19	21	-106.86
gain	21	19	-106.86
gain	19	22	-93.08
gain	22	19	-93.08
gain	19	23	-80.44
gain	23	19	-80.44
gain	19	24	-84.23
gain	24	19	-84.23
gain	19	25	-64.91
gain	25	19	-64.91
gain	19	26	-71.10
gain	26	19	-71.10
gain	19	27	-70.55
gain	27	19	-70.55
gain	19	28	-94.44
gain	28	19	-94.44
gain	19	29	-95.70
gain	29	19	-95.70
gain	19	30	-90.48
gain	30	19	-90.48
gain	19	31	-98.36
gain	31	19	-98.36
gain	19	32	-86.35
gain	32	19	-86.35
gain	19	33	-92.60
gain	33	19	-92.60
gain	19	34	-83.05
gain	34	19	-83.05
gain	19	35	-87.93
gain	35	19	-87.93
gain	19	36	-95.42
gain	36	19	-95.42
gain	19	37	-88.34
gain	37	19	-88.34
gain	19	38	-88.21
gain	38	19	-88.21
gain	19	39	-82.94
gain	39	19	-82.94
gain	19	40	-86.78
gain	40	19	-86.78
gain	19	41	-88.30
gain	41	19	-88.30
gain	19	42	-99.18
gain	42	19	-99.18
gain	19	43	-99.61
gain	43	19	-99.61
gain	19	44	-91.54
gain	44	19	-91.54
gain	19	45	-87.10
gain	45	19	-87.10
gain	19	46	-96.05
gain	46	19	-96.05
gain	19	47	-93.05
gain	47	19	-93.05
gain	19	48	-89.89
gain	48	19	-89.89
gain	20	21	-98.72
gain	21	20	-98.72
gain	20	22	-98.52
gain	22	20	-98.52
gain	20	23	-89.70
gain	23	20	-89.70
gain	20	24	-85.53
gain	24	20	-85.53
gain	20	25	-83.50
gain	25	20	-83.50
gain	20	26	-79.28
gain	26	20	-79.28
gain	20	27	-64.34
gain	27	20	-64.34
gain	20	28	-95.15
gain	28	20	-95.15
gain	20	29	-89.74
gain	29	20	-89.74
gain	20	30	-89.53
gain	30	20	-89.53
gain	20	31	-88.30
gain	31	20	-88.30
gain	20	32	-84.29
gain	32	20	-84.29
gain	20	33	-84.29
gain	33	20	-84.29
gain	20	34	-80.43
gain	34	20	-80.43
gain	20	35	-91.78
gain	35	20	-91.78
gain	20	36	-101.67
gain	36	20	-101.67
gain	20	37	-92.15
gain	37	20	-92.15
gain	20	38	-97.89
gain	38	20	-97.89
gain	20	39	-86.13
gain	39	20	-86.13
gain	20	40	-87.52
gain	40	20	-87.52
gain	20	41	-93.28
gain	41	20	-93.28
gain	20	42	-107.97
gain	42	20	-107.97
gain	20	43	-100.57
gain	43	20	-100.57
gain	20	44	-102.97
gain	44	20	-102.97
gain	20	45	-100.65
gain	45	20	-100.65
gain	20	46	-91.22
gain	46	20	-91.22
gain	20	47	-87.94
gain	47	20	-87.94
gain	20	48	-88.04
gain	48	20	-88.04
gain	21	22	-74.98
gain	22	21	-74.98
gain	21	23	-89.23
gain	23	21	-89.23
gain	21	24	-91.46
gain	24	21	-91.46
gain	21	25	-82.24
gain	25	21	-82.24
gain	21	26	-93.43
gain	26	21	-93.43
gain	21	27	-101.60
gain	27	21	-101.60
gain	21	28	-72.85
gain	28	21	-72.85
gain	21	29	-68.27
gain	29	21	-68.27
gain	21	30	-81.47
gain	30	21	-81.47
gain	21	31	-88.92
gain	31	21	-88.92
gain	21	32	-82.07
gain	32	21	-82.07
gain	21	33	-91.78
gain	33	21	-91.78
gain	21	34	-95.64
gain	34	21	-95.64
gain	21	35	-77.68
gain	35	21	-77.68
gain	21	36	-79.88
gain	36	21	-79.88
gain	21	37	-82.84
gain	37	21	-82.84
gain	21	38	-90.22
gain	38	21	-90.22
gain	21	39	-98.61
gain	39	21	-98.61
gain	21	40	-94.97
gain	40	21	-94.97
gain	21	41	-104.25
gain	41	21	-104.25
gain	21	42	-84.79
gain	42	21	-84.79
gain	21	43	-87.47
gain	43	21	-87.47
gain	21	44	-92.74
gain	44	21	-92.74
gain	21	45	-90.27
gain	45	21	-90.27
gain	21	46	-91.83
gain	46	21	-91.83
gain	21	47	-85.83
gain	47	21	-85.83
gain	21	48	-97.25
gain	48	21	-97.25
gain	22	23	-72.15
gain	23	22	-72.15
gain	22	24	-78.34
gain	24	22	-78.34
gain	22	25	-88.52
gain	25	22	-88.52
gain	22	26	-101.42
gain	26	22	-101.42
gain	22	27	-96.96
gain	27	22	-96.96
gain	22	28	-83.98
gain	28	22	-83.98
gain	22	29	-81.07
gain	29	22	-81.07
gain	22	30	-80.76
gain	30	22	-80.76
gain	22	31	-77.74
gain	31	22	-77.74
gain	22	32	-82.05
gain	32	22	-82.05
gain	22	33	-86.32
gain	33	22	-86.32
gain	22	34	-104.45
gain	34	22	-104.45
gain	22	35	-82.56
gain	35	22	-82.56
gain	22	36	-80.11
gain	36	22	-80.11
gain	22	37	-85.98
gain	37	22	-85.98
gain	22	38	-97.72
gain	38	22	-97.72
gain	22	39	-82.52
gain	39	22	-82.52
gain	22	40	-95.58
gain	40	22	-95.58
gain	22	41	-94.11
gain	41	22	-94.11
gain	22	42	-89.94
gain	42	22	-89.94
gain	22	43	-85.43
gain	43	22	-85.43
gain	22	44	-89.37
gain	44	22	-89.37
gain	22	45	-88.74
gain	45	22	-88.74
gain	22	46	-96.06
gain	46	22	-96.06
gain	22	47	-92.91
gain	47	22	-92.91
gain	22	48	-103.15
gain	48	22	-103.15
gain	23	24	-71.69
gain	24	23	-71.69
gain	23	25	-77.00
gain	25	23	-77.00
gain	23	26	-94.56
gain	26	23	-94.56
gain	23	27	-93.04
gain	27	23	-93.04
gain	23	28	-80.46
gain	28	23	-80.46
gain	23	29	-76.73
gain	29	23	-76.73
gain	23	30	-68.50
gain	30	23	-68.50
gain	23	31	-84.81
gain	31	23	-84.81
gain	23	32	-95.05
gain	32	23	-95.05
gain	23	33	-87.45
gain	33	23	-87.45
gain	23	34	-92.37
gain	34	23	-92.37
gain	23	35	-84.25
gain	35	23	-84.25
gain	23	36	-81.36
gain	36	23	-81.36
gain	23	37	-87.28
gain	37	23	-87.28
gain	23	38	-85.13
gain	38	23	-85.13
gain	23	39	-84.52
gain	39	23	-84.52
gain	23	40	-86.71
gain	40	23	-86.71
gain	23	41	-89.90
gain	41	23	-89.90
gain	23	42	-83.43
gain	42	23	-83.43
gain	23	43	-97.25
gain	43	23	-97.25
gain	23	44	-93.33
gain	44	23	-93.33
gain	23	45	-86.12
gain	45	23	-86.12
gain	23	46	-89.18
gain	46	23	-89.18
gain	23	47	-95.86
gain	47	23	-95.86
gain	23	48	-87.78
gain	48	23	-87.78
gain	24	25	-62.48
gain	25	24	-62.48
gain	24	26	-76.98
gain	26	24	-76.98
gain	24	27	-93.74
gain	27	24	-93.74
gain	24	28	-89.60
gain	28	24	-89.60
gain	24	29	-89.79
gain	29	24	-89.79
gain	24	30	-76.21
gain	30	24	-76.21
gain	24	31	-74.34
gain	31	24	-74.34
gain	24	32	-76.75
gain	32	24	-76.75
gain	24	33	-82.40
gain	33	24	-82.40
gain	24	34	-90.82
gain	34	24	-90.82
gain	24	35	-94.74
gain	35	24	-94.74
gain	24	36	-97.80
gain	36	24	-97.80
gain	24	37	-78.42
gain	37	24	-78.42
gain	24	38	-86.43
gain	38	24	-86.43
gain	24	39	-82.58
gain	39	24	-82.58
gain	24	40	-95.52
gain	40	24	-95.52
gain	24	41	-95.32
gain	41	24	-95.32
gain	24	42	-97.10
gain	42	24	-97.10
gain	24	43	-88.58
gain	43	24	-88.58
gain	24	44	-93.84
gain	44	24	-93.84
gain	24	45	-90.35
gain	45	24	-90.35
gain	24	46	-87.08
gain	46	24	-87.08
gain	24	47	-95.80
gain	47	24	-95.80
gain	24	48	-94.74
gain	48	24	-94.74
gain	25	26	-66.07
gain	26	25	-66.07
gain	25	27	-80.82
gain	27	25	-80.82
gain	25	28	-91.99
gain	28	25	-91.99
gain	25	29	-85.06
gain	29	25	-85.06
gain	25	30	-92.37
gain	30	25	-92.37
gain	25	31	-79.31
gain	31	25	-79.31
gain	25	32	-64.45
gain	32	25	-64.45
gain	25	33	-75.75
gain	33	25	-75.75
gain	25	34	-84.70
gain	34	25	-84.70
gain	25	35	-89.50
gain	35	25	-89.50
gain	25	36	-92.44
gain	36	25	-92.44
gain	25	37	-91.23
gain	37	25	-91.23
gain	25	38	-95.43
gain	38	25	-95.43
gain	25	39	-82.90
gain	39	25	-82.90
gain	25	40	-81.06
gain	40	25	-81.06
gain	25	41	-94.83
gain	41	25	-94.83
gain	25	42	-92.30
gain	42	25	-92.30
gain	25	43	-93.58
gain	43	25	-93.58
gain	25	44	-92.57
gain	44	25	-92.57
gain	25	45	-86.37
gain	45	25	-86.37
gain	25	46	-88.61
gain	46	25	-88.61
gain	25	47	-92.48
gain	47	25	-92.48
gain	25	48	-89.09
gain	48	25	-89.09
gain	26	27	-61.83
gain	27	26	-61.83
gain	26	28	-91.52
gain	28	26	-91.52
gain	26	29	-86.85
gain	29	26	-86.85
gain	26	30	-82.32
gain	30	26	-82.32
gain	26	31	-77.47
gain	31	26	-77.47
gain	26	32	-81.35
gain	32	26	-81.35
gain	26	33	-70.72
gain	33	26	-70.72
gain	26	34	-74.42
gain	34	26	-74.42
gain	26	35	-91.94
gain	35	26	-91.94
gain	26	36	-93.49
gain	36	26	-93.49
gain	26	37	-89.41
gain	37	26	-89.41
gain	26	38	-80.22
gain	38	26	-80.22
gain	26	39	-93.85
gain	39	26	-93.85
gain	26	40	-81.35
gain	40	26	-81.35
gain	26	41	-78.62
gain	41	26	-78.62
gain	26	42	-95.18
gain	42	26	-95.18
gain	26	43	-102.96
gain	43	26	-102.96
gain	26	44	-89.09
gain	44	26	-89.09
gain	26	45	-91.90
gain	45	26	-91.90
gain	26	46	-85.62
gain	46	26	-85.62
gain	26	47	-83.75
gain	47	26	-83.75
gain	26	48	-86.79
gain	48	26	-86.79
gain	27	28	-98.09
gain	28	27	-98.09
gain	27	29	-106.84
gain	29	27	-106.84
gain	27	30	-100.60
gain	30	27	-100.60
gain	27	31	-88.55
gain	31	27	-88.55
gain	27	32	-97.68
gain	32	27	-97.68
gain	27	33	-70.61
gain	33	27	-70.61
gain	27	34	-70.76
gain	34	27	-70.76
gain	27	35	-101.60
gain	35	27	-101.60
gain	27	36	-96.16
gain	36	27	-96.16
gain	27	37	-91.00
gain	37	27	-91.00
gain	27	38	-91.00
gain	38	27	-91.00
gain	27	39	-83.51
gain	39	27	-83.51
gain	27	40	-79.33
gain	40	27	-79.33
gain	27	41	-84.96
gain	41	27	-84.96
gain	27	42	-102.07
gain	42	27	-102.07
gain	27	43	-91.28
gain	43	27	-91.28
gain	27	44	-87.98
gain	44	27	-87.98
gain	27	45	-96.13
gain	45	27	-96.13
gain	27	46	-104.51
gain	46	27	-104.51
gain	27	47	-99.75
gain	47	27	-99.75
gain	27	48	-84.14
gain	48	27	-84.14
gain	28	29	-76.63
gain	29	28	-76.63
gain	28	30	-84.10
gain	30	28	-84.10
gain	28	31	-83.70
gain	31	28	-83.70
gain	28	32	-91.45
gain	32	28	-91.45
gain	28	33	-85.16
gain	33	28	-85.16
gain	28	34	-100.08
gain	34	28	-100.08
gain	28	35	-82.67
gain	35	28	-82.67
gain	28	36	-78.04
gain	36	28	-78.04
gain	28	37	-83.55
gain	37	28	-83.55
gain	28	38	-88.86
gain	38	28	-88.86
gain	28	39	-90.29
gain	39	28	-90.29
gain	28	40	-94.99
gain	40	28	-94.99
gain	28	41	-91.48
gain	41	28	-91.48
gain	28	42	-83.83
gain	42	28	-83.83
gain	28	43	-80.47
gain	43	28	-80.47
gain	28	44	-89.20
gain	44	28	-89.20
gain	28	45	-95.03
gain	45	28	-95.03
gain	28	46	-108.38
gain	46	28	-108.38
gain	28	47	-107.33
gain	47	28	-107.33
gain	28	48	-90.34
gain	48	28	-90.34
gain	29	30	-77.70
gain	30	29	-77.70
gain	29	31	-79.41
gain	31	29	-79.41
gain	29	32	-80.87
gain	32	29	-80.87
gain	29	33	-92.36
gain	33	29	-92.36
gain	29	34	-104.47
gain	34	29	-104.47
gain	29	35	-74.92
gain	35	29	-74.92
gain	29	36	-74.28
gain	36	29	-74.28
gain	29	37	-67.95
gain	37	29	-67.95
gain	29	38	-79.30
gain	38	29	-79.30
gain	29	39	-81.75
gain	39	29	-81.75
gain	29	40	-92.53
gain	40	29	-92.53
gain	29	41	-83.53
gain	41	29	-83.53
gain	29	42	-72.84
gain	42	29	-72.84
gain	29	43	-89.30
gain	43	29	-89.30
gain	29	44	-86.48
gain	44	29	-86.48
gain	29	45	-77.90
gain	45	29	-77.90
gain	29	46	-87.15
gain	46	29	-87.15
gain	29	47	-81.21
gain	47	29	-81.21
gain	29	48	-93.50
gain	48	29	-93.50
gain	30	31	-81.84
gain	31	30	-81.84
gain	30	32	-71.23
gain	32	30	-71.23
gain	30	33	-80.91
gain	33	30	-80.91
gain	30	34	-96.20
gain	34	30	-96.20
gain	30	35	-85.18
gain	35	30	-85.18
gain	30	36	-84.55
gain	36	30	-84.55
gain	30	37	-66.31
gain	37	30	-66.31
gain	30	38	-67.94
gain	38	30	-67.94
gain	30	39	-81.42
gain	39	30	-81.42
gain	30	40	-86.28
gain	40	30	-86.28
gain	30	41	-94.40
gain	41	30	-94.40
gain	30	42	-82.12
gain	42	30	-82.12
gain	30	43	-98.17
gain	43	30	-98.17
gain	30	44	-86.14
gain	44	30	-86.14
gain	30	45	-80.76
gain	45	30	-80.76
gain	30	46	-87.53
gain	46	30	-87.53
gain	30	47	-89.19
gain	47	30	-89.19
gain	30	48	-92.69
gain	48	30	-92.69
gain	31	32	-77.87
gain	32	31	-77.87
gain	31	33	-78.17
gain	33	31	-78.17
gain	31	34	-80.07
gain	34	31	-80.07
gain	31	35	-86.67
gain	35	31	-86.67
gain	31	36	-86.22
gain	36	31	-86.22
gain	31	37	-75.78
gain	37	31	-75.78
gain	31	38	-75.20
gain	38	31	-75.20
gain	31	39	-82.67
gain	39	31	-82.67
gain	31	40	-83.37
gain	40	31	-83.37
gain	31	41	-86.72
gain	41	31	-86.72
gain	31	42	-94.15
gain	42	31	-94.15
gain	31	43	-87.42
gain	43	31	-87.42
gain	31	44	-85.00
gain	44	31	-85.00
gain	31	45	-89.17
gain	45	31	-89.17
gain	31	46	-85.62
gain	46	31	-85.62
gain	31	47	-83.27
gain	47	31	-83.27
gain	31	48	-89.53
gain	48	31	-89.53
gain	32	33	-65.33
gain	33	32	-65.33
gain	32	34	-84.85
gain	34	32	-84.85
gain	32	35	-97.76
gain	35	32	-97.76
gain	32	36	-89.01
gain	36	32	-89.01
gain	32	37	-83.53
gain	37	32	-83.53
gain	32	38	-75.76
gain	38	32	-75.76
gain	32	39	-71.56
gain	39	32	-71.56
gain	32	40	-75.02
gain	40	32	-75.02
gain	32	41	-91.99
gain	41	32	-91.99
gain	32	42	-92.82
gain	42	32	-92.82
gain	32	43	-97.97
gain	43	32	-97.97
gain	32	44	-88.27
gain	44	32	-88.27
gain	32	45	-90.68
gain	45	32	-90.68
gain	32	46	-73.45
gain	46	32	-73.45
gain	32	47	-78.70
gain	47	32	-78.70
gain	32	48	-81.05
gain	48	32	-81.05
gain	33	34	-79.37
gain	34	33	-79.37
gain	33	35	-93.91
gain	35	33	-93.91
gain	33	36	-93.30
gain	36	33	-93.30
gain	33	37	-95.27
gain	37	33	-95.27
gain	33	38	-88.15
gain	38	33	-88.15
gain	33	39	-73.71
gain	39	33	-73.71
gain	33	40	-64.39
gain	40	33	-64.39
gain	33	41	-74.44
gain	41	33	-74.44
gain	33	42	-100.82
gain	42	33	-100.82
gain	33	43	-91.30
gain	43	33	-91.30
gain	33	44	-82.15
gain	44	33	-82.15
gain	33	45	-80.73
gain	45	33	-80.73
gain	33	46	-81.72
gain	46	33	-81.72
gain	33	47	-75.04
gain	47	33	-75.04
gain	33	48	-80.67
gain	48	33	-80.67
gain	34	35	-105.87
gain	35	34	-105.87
gain	34	36	-98.87
gain	36	34	-98.87
gain	34	37	-95.41
gain	37	34	-95.41
gain	34	38	-81.08
gain	38	34	-81.08
gain	34	39	-86.73
gain	39	34	-86.73
gain	34	40	-78.49
gain	40	34	-78.49
gain	34	41	-64.90
gain	41	34	-64.90
gain	34	42	-94.17
gain	42	34	-94.17
gain	34	43	-96.09
gain	43	34	-96.09
gain	34	44	-94.94
gain	44	34	-94.94
gain	34	45	-93.42
gain	45	34	-93.42
gain	34	46	-91.15
gain	46	34	-91.15
gain	34	47	-78.44
gain	47	34	-78.44
gain	34	48	-82.95
gain	48	34	-82.95
gain	35	36	-70.34
gain	36	35	-70.34
gain	35	37	-85.12
gain	37	35	-85.12
gain	35	38	-98.11
gain	38	35	-98.11
gain	35	39	-78.74
gain	39	35	-78.74
gain	35	40	-96.01
gain	40	35	-96.01
gain	35	41	-94.87
gain	41	35	-94.87
gain	35	42	-65.03
gain	42	35	-65.03
gain	35	43	-87.82
gain	43	35	-87.82
gain	35	44	-79.92
gain	44	35	-79.92
gain	35	45	-93.57
gain	45	35	-93.57
gain	35	46	-96.94
gain	46	35	-96.94
gain	35	47	-86.68
gain	47	35	-86.68
gain	35	48	-96.63
gain	48	35	-96.63
gain	36	37	-71.15
gain	37	36	-71.15
gain	36	38	-76.39
gain	38	36	-76.39
gain	36	39	-82.98
gain	39	36	-82.98
gain	36	40	-94.76
gain	40	36	-94.76
gain	36	41	-97.98
gain	41	36	-97.98
gain	36	42	-65.14
gain	42	36	-65.14
gain	36	43	-65.45
gain	43	36	-65.45
gain	36	44	-75.75
gain	44	36	-75.75
gain	36	45	-85.01
gain	45	36	-85.01
gain	36	46	-90.99
gain	46	36	-90.99
gain	36	47	-91.23
gain	47	36	-91.23
gain	36	48	-94.13
gain	48	36	-94.13
gain	37	38	-77.05
gain	38	37	-77.05
gain	37	39	-79.61
gain	39	37	-79.61
gain	37	40	-79.40
gain	40	37	-79.40
gain	37	41	-94.14
gain	41	37	-94.14
gain	37	42	-94.77
gain	42	37	-94.77
gain	37	43	-79.72
gain	43	37	-79.72
gain	37	44	-72.93
gain	44	37	-72.93
gain	37	45	-68.71
gain	45	37	-68.71
gain	37	46	-84.93
gain	46	37	-84.93
gain	37	47	-86.37
gain	47	37	-86.37
gain	37	48	-103.65
gain	48	37	-103.65
gain	38	39	-68.18
gain	39	38	-68.18
gain	38	40	-89.29
gain	40	38	-89.29
gain	38	41	-81.63
gain	41	38	-81.63
gain	38	42	-84.70
gain	42	38	-84.70
gain	38	43	-84.42
gain	43	38	-84.42
gain	38	44	-73.16
gain	44	38	-73.16
gain	38	45	-71.15
gain	45	38	-71.15
gain	38	46	-75.48
gain	46	38	-75.48
gain	38	47	-94.23
gain	47	38	-94.23
gain	38	48	-96.61
