gain	0	1	-84.83
gain	1	0	-84.83
gain	0	2	-96.74
gain	2	0	-96.74
gain	0	3	-103.05
gain	3	0	-103.05
gain	0	4	-85.17
gain	4	0	-85.17
gain	0	5	-84.67
gain	5	0	-84.67
gain	0	6	-99.06
gain	6	0	-99.06
gain	0	7	-102.96
gain	7	0	-102.96
gain	0	8	-96.27
gain	8	0	-96.27
gain	0	9	-104.05
gain	9	0	-104.05
gain	0	10	-113.40
gain	10	0	-113.40
gain	0	11	-107.42
gain	11	0	-107.42
gain	0	12	-107.75
gain	12	0	-107.75
gain	0	13	-104.12
gain	13	0	-104.12
gain	0	14	-114.18
gain	14	0	-114.18
gain	0	15	-111.13
gain	15	0	-111.13
gain	1	2	-79.63
gain	2	1	-79.63
gain	1	3	-96.82
gain	3	1	-96.82
gain	1	4	-90.92
gain	4	1	-90.92
gain	1	5	-88.13
gain	5	1	-88.13
gain	1	6	-87.20
gain	6	1	-87.20
gain	1	7	-100.69
gain	7	1	-100.69
gain	1	8	-97.87
gain	8	1	-97.87
gain	1	9	-95.10
gain	9	1	-95.10
gain	1	10	-99.37
gain	10	1	-99.37
gain	1	11	-104.60
gain	11	1	-104.60
gain	1	12	-104.10
gain	12	1	-104.10
gain	1	13	-105.14
gain	13	1	-105.14
gain	1	14	-110.29
gain	14	1	-110.29
gain	1	15	-108.52
gain	15	1	-108.52
gain	2	3	-82.58
gain	3	2	-82.58
gain	2	4	-95.86
gain	4	2	-95.86
gain	2	5	-92.16
gain	5	2	-92.16
gain	2	6	-84.52
gain	6	2	-84.52
gain	2	7	-92.52
gain	7	2	-92.52
gain	2	8	-101.27
gain	8	2	-101.27
gain	2	9	-97.00
gain	9	2	-97.00
gain	2	10	-102.02
gain	10	2	-102.02
gain	2	11	-100.79
gain	11	2	-100.79
gain	2	12	-110.37
gain	12	2	-110.37
gain	2	13	-105.27
gain	13	2	-105.27
gain	2	14	-109.05
gain	14	2	-109.05
gain	2	15	-105.83
gain	15	2	-105.83
gain	3	4	-106.68
gain	4	3	-106.68
gain	3	5	-97.72
gain	5	3	-97.72
gain	3	6	-90.16
gain	6	3	-90.16
gain	3	7	-77.86
gain	7	3	-77.86
gain	3	8	-110.31
gain	8	3	-110.31
gain	3	9	-99.82
gain	9	3	-99.82
gain	3	10	-99.70
gain	10	3	-99.70
gain	3	11	-96.45
gain	11	3	-96.45
gain	3	12	-118.37
gain	12	3	-118.37
gain	3	13	-118.74
gain	13	3	-118.74
gain	3	14	-104.36
gain	14	3	-104.36
gain	3	15	-105.31
gain	15	3	-105.31
gain	4	5	-86.11
gain	5	4	-86.11
gain	4	6	-101.86
gain	6	4	-101.86
gain	4	7	-106.71
gain	7	4	-106.71
gain	4	8	-85.46
gain	8	4	-85.46
gain	4	9	-95.72
gain	9	4	-95.72
gain	4	10	-97.29
gain	10	4	-97.29
gain	4	11	-105.46
gain	11	4	-105.46
gain	4	12	-97.50
gain	12	4	-97.50
gain	4	13	-105.55
gain	13	4	-105.55
gain	4	14	-102.91
gain	14	4	-102.91
gain	4	15	-106.71
gain	15	4	-106.71
gain	5	6	-89.00
gain	6	5	-89.00
gain	5	7	-104.30
gain	7	5	-104.30
gain	5	8	-90.28
gain	8	5	-90.28
gain	5	9	-84.84
gain	9	5	-84.84
gain	5	10	-84.74
gain	10	5	-84.74
gain	5	11	-102.12
gain	11	5	-102.12
gain	5	12	-99.46
gain	12	5	-99.46
gain	5	13	-91.30
gain	13	5	-91.30
gain	5	14	-100.43
gain	14	5	-100.43
gain	5	15	-102.61
gain	15	5	-102.61
gain	6	7	-82.27
gain	7	6	-82.27
gain	6	8	-105.25
gain	8	6	-105.25
gain	6	9	-87.74
gain	9	6	-87.74
gain	6	10	-82.57
gain	10	6	-82.57
gain	6	11	-97.22
gain	11	6	-97.22
gain	6	12	-104.44
gain	12	6	-104.44
gain	6	13	-103.99
gain	13	6	-103.99
gain	6	14	-95.49
gain	14	6	-95.49
gain	6	15	-98.55
gain	15	6	-98.55
gain	7	8	-106.09
gain	8	7	-106.09
gain	7	9	-104.06
gain	9	7	-104.06
gain	7	10	-90.68
gain	10	7	-90.68
gain	7	11	-84.91
gain	11	7	-84.91
gain	7	12	-110.24
gain	12	7	-110.24
gain	7	13	-109.85
gain	13	7	-109.85
gain	7	14	-103.45
gain	14	7	-103.45
gain	7	15	-98.92
gain	15	7	-98.92
gain	8	9	-86.86
gain	9	8	-86.86
gain	8	10	-101.94
gain	10	8	-101.94
gain	8	11	-109.81
gain	11	8	-109.81
gain	8	12	-89.11
gain	12	8	-89.11
gain	8	13	-93.76
gain	13	8	-93.76
gain	8	14	-99.67
gain	14	8	-99.67
gain	8	15	-104.11
gain	15	8	-104.11
gain	9	10	-85.61
gain	10	9	-85.61
gain	9	11	-91.51
gain	11	9	-91.51
gain	9	12	-89.24
gain	12	9	-89.24
gain	9	13	-84.74
gain	13	9	-84.74
gain	9	14	-87.52
gain	14	9	-87.52
gain	9	15	-95.76
gain	15	9	-95.76
gain	10	11	-86.16
gain	11	10	-86.16
gain	10	12	-100.57
gain	12	10	-100.57
gain	10	13	-93.72
gain	13	10	-93.72
gain	10	14	-83.56
gain	14	10	-83.56
gain	10	15	-92.86
gain	15	10	-92.86
gain	11	12	-106.15
gain	12	11	-106.15
gain	11	13	-101.36
gain	13	11	-101.36
gain	11	14	-90.57
gain	14	11	-90.57
gain	11	15	-78.35
gain	15	11	-78.35
gain	12	13	-85.28
gain	13	12	-85.28
gain	12	14	-99.77
gain	14	12	-99.77
gain	12	15	-103.59
gain	15	12	-103.59
gain	13	14	-85.17
gain	14	13	-85.17
gain	13	15	-95.45
gain	15	13	-95.45
gain	14	15	-83.33
gain	15	14	-83.33
noise	0	-105.00	4.00
noise	1	-105.00	4.00
noise	2	-105.00	4.00
noise	3	-105.00	4.00
noise	4	-105.00	4.00
noise	5	-105.00	4.00
noise	6	-105.00	4.00
noise	7	-105.00	4.00
noise	8	-105.00	4.00
noise	9	-105.00	4.00
noise	10	-105.00	4.00
noise	11	-105.00	4.00
noise	12	-105.00	4.00
noise	13	-105.00	4.00
noise	14	-105.00	4.00
noise	15	-105.00	4.00
