gain	0	1	-94.79
gain	1	0	-94.79
gain	0	2	-93.33
gain	2	0	-93.33
gain	0	3	-100.18
gain	3	0	-100.18
gain	0	4	-105.67
gain	4	0	-105.67
gain	0	5	-103.68
gain	5	0	-103.68
gain	0	6	-113.27
gain	6	0	-113.27
gain	0	7	-94.75
gain	7	0	-94.75
gain	0	8	-83.66
gain	8	0	-83.66
gain	0	9	-88.19
gain	9	0	-88.19
gain	0	10	-90.22
gain	10	0	-90.22
gain	0	11	-107.07
gain	11	0	-107.07
gain	0	12	-107.66
gain	12	0	-107.66
gain	0	13	-111.85
gain	13	0	-111.85
gain	0	14	-97.21
gain	14	0	-97.21
gain	0	15	-98.07
gain	15	0	-98.07
gain	0	16	-97.00
gain	16	0	-97.00
gain	0	17	-109.07
gain	17	0	-109.07
gain	0	18	-109.24
gain	18	0	-109.24
gain	0	19	-117.02
gain	19	0	-117.02
gain	0	20	-113.39
gain	20	0	-113.39
gain	0	21	-98.67
gain	21	0	-98.67
gain	0	22	-107.23
gain	22	0	-107.23
gain	0	23	-100.72
gain	23	0	-100.72
gain	0	24	-104.37
gain	24	0	-104.37
gain	0	25	-108.15
gain	25	0	-108.15
gain	0	26	-119.59
gain	26	0	-119.59
gain	0	27	-118.84
gain	27	0	-118.84
gain	0	28	-114.39
gain	28	0	-114.39
gain	0	29	-110.65
gain	29	0	-110.65
gain	0	30	-107.73
gain	30	0	-107.73
gain	0	31	-112.08
gain	31	0	-112.08
gain	0	32	-112.87
gain	32	0	-112.87
gain	0	33	-110.86
gain	33	0	-110.86
gain	0	34	-110.26
gain	34	0	-110.26
gain	0	35	-106.77
gain	35	0	-106.77
gain	0	36	-111.91
gain	36	0	-111.91
gain	0	37	-105.39
gain	37	0	-105.39
gain	0	38	-111.57
gain	38	0	-111.57
gain	0	39	-113.49
gain	39	0	-113.49
gain	0	40	-110.67
gain	40	0	-110.67
gain	0	41	-107.41
gain	41	0	-107.41
gain	0	42	-111.86
gain	42	0	-111.86
gain	0	43	-103.06
gain	43	0	-103.06
gain	0	44	-120.48
gain	44	0	-120.48
gain	0	45	-118.83
gain	45	0	-118.83
gain	0	46	-116.07
gain	46	0	-116.07
gain	0	47	-115.30
gain	47	0	-115.30
gain	0	48	-109.59
gain	48	0	-109.59
gain	1	2	-84.66
gain	2	1	-84.66
gain	1	3	-96.65
gain	3	1	-96.65
gain	1	4	-94.59
gain	4	1	-94.59
gain	1	5	-106.18
gain	5	1	-106.18
gain	1	6	-104.30
gain	6	1	-104.30
gain	1	7	-92.04
gain	7	1	-92.04
gain	1	8	-86.75
gain	8	1	-86.75
gain	1	9	-79.08
gain	9	1	-79.08
gain	1	10	-91.90
gain	10	1	-91.90
gain	1	11	-103.41
gain	11	1	-103.41
gain	1	12	-101.45
gain	12	1	-101.45
gain	1	13	-113.50
gain	13	1	-113.50
gain	1	14	-94.69
gain	14	1	-94.69
gain	1	15	-96.24
gain	15	1	-96.24
gain	1	16	-105.21
gain	16	1	-105.21
gain	1	17	-91.19
gain	17	1	-91.19
gain	1	18	-102.21
gain	18	1	-102.21
gain	1	19	-104.12
gain	19	1	-104.12
gain	1	20	-99.45
gain	20	1	-99.45
gain	1	21	-105.16
gain	21	1	-105.16
gain	1	22	-93.90
gain	22	1	-93.90
gain	1	23	-98.42
gain	23	1	-98.42
gain	1	24	-97.86
gain	24	1	-97.86
gain	1	25	-102.35
gain	25	1	-102.35
gain	1	26	-103.54
gain	26	1	-103.54
gain	1	27	-106.62
gain	27	1	-106.62
gain	1	28	-110.90
gain	28	1	-110.90
gain	1	29	-102.39
gain	29	1	-102.39
gain	1	30	-112.77
gain	30	1	-112.77
gain	1	31	-111.77
gain	31	1	-111.77
gain	1	32	-112.04
gain	32	1	-112.04
gain	1	33	-117.39
gain	33	1	-117.39
gain	1	34	-113.75
gain	34	1	-113.75
gain	1	35	-115.06
gain	35	1	-115.06
gain	1	36	-112.58
gain	36	1	-112.58
gain	1	37	-112.51
gain	37	1	-112.51
gain	1	38	-120.28
gain	38	1	-120.28
gain	1	39	-108.76
gain	39	1	-108.76
gain	1	40	-112.71
gain	40	1	-112.71
gain	1	41	-117.95
gain	41	1	-117.95
gain	1	42	-108.26
gain	42	1	-108.26
gain	1	43	-111.64
gain	43	1	-111.64
gain	1	44	-112.63
gain	44	1	-112.63
gain	1	45	-104.65
gain	45	1	-104.65
gain	1	46	-119.95
gain	46	1	-119.95
gain	1	47	-110.90
gain	47	1	-110.90
gain	1	48	-106.23
gain	48	1	-106.23
gain	2	3	-87.84
gain	3	2	-87.84
gain	2	4	-101.23
gain	4	2	-101.23
gain	2	5	-103.72
gain	5	2	-103.72
gain	2	6	-103.58
gain	6	2	-103.58
gain	2	7	-92.20
gain	7	2	-92.20
gain	2	8	-81.76
gain	8	2	-81.76
gain	2	9	-77.94
gain	9	2	-77.94
gain	2	10	-92.79
gain	10	2	-92.79
gain	2	11	-92.86
gain	11	2	-92.86
gain	2	12	-110.80
gain	12	2	-110.80
gain	2	13	-91.66
gain	13	2	-91.66
gain	2	14	-103.28
gain	14	2	-103.28
gain	2	15	-95.25
gain	15	2	-95.25
gain	2	16	-86.56
gain	16	2	-86.56
gain	2	17	-89.11
gain	17	2	-89.11
gain	2	18	-99.32
gain	18	2	-99.32
gain	2	19	-91.68
gain	19	2	-91.68
gain	2	20	-103.56
gain	20	2	-103.56
gain	2	21	-95.34
gain	21	2	-95.34
gain	2	22	-104.29
gain	22	2	-104.29
gain	2	23	-102.86
gain	23	2	-102.86
gain	2	24	-92.09
gain	24	2	-92.09
gain	2	25	-96.14
gain	25	2	-96.14
gain	2	26	-106.62
gain	26	2	-106.62
gain	2	27	-111.29
gain	27	2	-111.29
gain	2	28	-99.50
gain	28	2	-99.50
gain	2	29	-105.90
gain	29	2	-105.90
gain	2	30	-93.64
gain	30	2	-93.64
gain	2	31	-100.82
gain	31	2	-100.82
gain	2	32	-116.64
gain	32	2	-116.64
gain	2	33	-111.14
gain	33	2	-111.14
gain	2	34	-107.08
gain	34	2	-107.08
gain	2	35	-109.72
gain	35	2	-109.72
gain	2	36	-106.73
gain	36	2	-106.73
gain	2	37	-102.02
gain	37	2	-102.02
gain	2	38	-107.63
gain	38	2	-107.63
gain	2	39	-111.85
gain	39	2	-111.85
gain	2	40	-112.31
gain	40	2	-112.31
gain	2	41	-101.79
gain	41	2	-101.79
gain	2	42	-114.22
gain	42	2	-114.22
gain	2	43	-113.11
gain	43	2	-113.11
gain	2	44	-121.95
gain	44	2	-121.95
gain	2	45	-115.90
gain	45	2	-115.90
gain	2	46	-104.39
gain	46	2	-104.39
gain	2	47	-109.27
gain	47	2	-109.27
gain	2	48	-109.45
gain	48	2	-109.45
gain	3	4	-92.42
gain	4	3	-92.42
gain	3	5	-100.10
gain	5	3	-100.10
gain	3	6	-96.11
gain	6	3	-96.11
gain	3	7	-105.05
gain	7	3	-105.05
gain	3	8	-101.90
gain	8	3	-101.90
gain	3	9	-99.16
gain	9	3	-99.16
gain	3	10	-81.93
gain	10	3	-81.93
gain	3	11	-87.71
gain	11	3	-87.71
gain	3	12	-104.86
gain	12	3	-104.86
gain	3	13	-101.16
gain	13	3	-101.16
gain	3	14	-90.98
gain	14	3	-90.98
gain	3	15	-92.40
gain	15	3	-92.40
gain	3	16	-100.98
gain	16	3	-100.98
gain	3	17	-87.95
gain	17	3	-87.95
gain	3	18	-90.31
gain	18	3	-90.31
gain	3	19	-95.24
gain	19	3	-95.24
gain	3	20	-102.67
gain	20	3	-102.67
gain	3	21	-107.13
gain	21	3	-107.13
gain	3	22	-101.80
gain	22	3	-101.80
gain	3	23	-94.14
gain	23	3	-94.14
gain	3	24	-111.82
gain	24	3	-111.82
gain	3	25	-111.06
gain	25	3	-111.06
gain	3	26	-108.03
gain	26	3	-108.03
gain	3	27	-106.58
gain	27	3	-106.58
gain	3	28	-106.63
gain	28	3	-106.63
gain	3	29	-102.27
gain	29	3	-102.27
gain	3	30	-112.09
gain	30	3	-112.09
gain	3	31	-107.31
gain	31	3	-107.31
gain	3	32	-105.23
gain	32	3	-105.23
gain	3	33	-104.83
gain	33	3	-104.83
gain	3	34	-108.76
gain	34	3	-108.76
gain	3	35	-121.09
gain	35	3	-121.09
gain	3	36	-107.43
gain	36	3	-107.43
gain	3	37	-103.29
gain	37	3	-103.29
gain	3	38	-106.73
gain	38	3	-106.73
gain	3	39	-110.15
gain	39	3	-110.15
gain	3	40	-103.71
gain	40	3	-103.71
gain	3	41	-110.30
gain	41	3	-110.30
gain	3	42	-104.35
gain	42	3	-104.35
gain	3	43	-112.64
gain	43	3	-112.64
gain	3	44	-114.38
gain	44	3	-114.38
gain	3	45	-102.72
gain	45	3	-102.72
gain	3	46	-107.75
gain	46	3	-107.75
gain	3	47	-110.96
gain	47	3	-110.96
gain	3	48	-122.77
gain	48	3	-122.77
gain	4	5	-81.12
gain	5	4	-81.12
gain	4	6	-98.82
gain	6	4	-98.82
gain	4	7	-103.17
gain	7	4	-103.17
gain	4	8	-103.58
gain	8	4	-103.58
gain	4	9	-97.52
gain	9	4	-97.52
gain	4	10	-99.37
gain	10	4	-99.37
gain	4	11	-82.12
gain	11	4	-82.12
gain	4	12	-96.30
gain	12	4	-96.30
gain	4	13	-88.88
gain	13	4	-88.88
gain	4	14	-111.34
gain	14	4	-111.34
gain	4	15	-96.53
gain	15	4	-96.53
gain	4	16	-109.33
gain	16	4	-109.33
gain	4	17	-94.80
gain	17	4	-94.80
gain	4	18	-97.62
gain	18	4	-97.62
gain	4	19	-99.08
gain	19	4	-99.08
gain	4	20	-99.37
gain	20	4	-99.37
gain	4	21	-110.90
gain	21	4	-110.90
gain	4	22	-107.65
gain	22	4	-107.65
gain	4	23	-97.89
gain	23	4	-97.89
gain	4	24	-115.56
gain	24	4	-115.56
gain	4	25	-96.44
gain	25	4	-96.44
gain	4	26	-98.24
gain	26	4	-98.24
gain	4	27	-95.65
gain	27	4	-95.65
gain	4	28	-106.23
gain	28	4	-106.23
gain	4	29	-109.54
gain	29	4	-109.54
gain	4	30	-102.75
gain	30	4	-102.75
gain	4	31	-116.15
gain	31	4	-116.15
gain	4	32	-110.90
gain	32	4	-110.90
gain	4	33	-116.14
gain	33	4	-116.14
gain	4	34	-105.65
gain	34	4	-105.65
gain	4	35	-110.63
gain	35	4	-110.63
gain	4	36	-109.44
gain	36	4	-109.44
gain	4	37	-114.11
gain	37	4	-114.11
gain	4	38	-106.68
gain	38	4	-106.68
gain	4	39	-106.99
gain	39	4	-106.99
gain	4	40	-109.47
gain	40	4	-109.47
gain	4	41	-110.24
gain	41	4	-110.24
gain	4	42	-110.80
gain	42	4	-110.80
gain	4	43	-106.56
gain	43	4	-106.56
gain	4	44	-115.05
gain	44	4	-115.05
gain	4	45	-108.40
gain	45	4	-108.40
gain	4	46	-123.55
gain	46	4	-123.55
gain	4	47	-108.91
gain	47	4	-108.91
gain	4	48	-115.21
gain	48	4	-115.21
gain	5	6	-82.32
gain	6	5	-82.32
gain	5	7	-117.30
gain	7	5	-117.30
gain	5	8	-93.59
gain	8	5	-93.59
gain	5	9	-108.40
gain	9	5	-108.40
gain	5	10	-93.25
gain	10	5	-93.25
gain	5	11	-96.11
gain	11	5	-96.11
gain	5	12	-85.28
gain	12	5	-85.28
gain	5	13	-82.79
gain	13	5	-82.79
gain	5	14	-116.31
gain	14	5	-116.31
gain	5	15	-101.22
gain	15	5	-101.22
gain	5	16	-100.58
gain	16	5	-100.58
gain	5	17	-93.54
gain	17	5	-93.54
gain	5	18	-93.89
gain	18	5	-93.89
gain	5	19	-89.95
gain	19	5	-89.95
gain	5	20	-95.46
gain	20	5	-95.46
gain	5	21	-115.10
gain	21	5	-115.10
gain	5	22	-115.84
gain	22	5	-115.84
gain	5	23	-110.06
gain	23	5	-110.06
gain	5	24	-98.71
gain	24	5	-98.71
gain	5	25	-109.99
gain	25	5	-109.99
gain	5	26	-108.08
gain	26	5	-108.08
gain	5	27	-110.49
gain	27	5	-110.49
gain	5	28	-107.43
gain	28	5	-107.43
gain	5	29	-112.76
gain	29	5	-112.76
gain	5	30	-101.30
gain	30	5	-101.30
gain	5	31	-113.63
gain	31	5	-113.63
gain	5	32	-99.88
gain	32	5	-99.88
gain	5	33	-101.44
gain	33	5	-101.44
gain	5	34	-102.19
gain	34	5	-102.19
gain	5	35	-107.52
gain	35	5	-107.52
gain	5	36	-119.44
gain	36	5	-119.44
gain	5	37	-109.55
gain	37	5	-109.55
gain	5	38	-111.51
gain	38	5	-111.51
gain	5	39	-104.67
gain	39	5	-104.67
gain	5	40	-114.51
gain	40	5	-114.51
gain	5	41	-95.73
gain	41	5	-95.73
gain	5	42	-105.93
gain	42	5	-105.93
gain	5	43	-112.65
gain	43	5	-112.65
gain	5	44	-102.61
gain	44	5	-102.61
gain	5	45	-106.60
gain	45	5	-106.60
gain	5	46	-118.96
gain	46	5	-118.96
gain	5	47	-116.95
gain	47	5	-116.95
gain	5	48	-111.16
gain	48	5	-111.16
gain	6	7	-115.63
gain	7	6	-115.63
gain	6	8	-111.48
gain	8	6	-111.48
gain	6	9	-103.04
gain	9	6	-103.04
gain	6	10	-104.22
gain	10	6	-104.22
gain	6	11	-104.64
gain	11	6	-104.64
gain	6	12	-89.79
gain	12	6	-89.79
gain	6	13	-82.18
gain	13	6	-82.18
gain	6	14	-106.05
gain	14	6	-106.05
gain	6	15	-111.86
gain	15	6	-111.86
gain	6	16	-112.71
gain	16	6	-112.71
gain	6	17	-113.63
gain	17	6	-113.63
gain	6	18	-106.36
gain	18	6	-106.36
gain	6	19	-100.35
gain	19	6	-100.35
gain	6	20	-101.05
gain	20	6	-101.05
gain	6	21	-113.28
gain	21	6	-113.28
gain	6	22	-120.55
gain	22	6	-120.55
gain	6	23	-111.68
gain	23	6	-111.68
gain	6	24	-109.48
gain	24	6	-109.48
gain	6	25	-102.87
gain	25	6	-102.87
gain	6	26	-96.23
gain	26	6	-96.23
gain	6	27	-112.93
gain	27	6	-112.93
gain	6	28	-116.90
gain	28	6	-116.90
gain	6	29	-113.65
gain	29	6	-113.65
gain	6	30	-109.17
gain	30	6	-109.17
gain	6	31	-103.90
gain	31	6	-103.90
gain	6	32	-94.50
gain	32	6	-94.50
gain	6	33	-96.18
gain	33	6	-96.18
gain	6	34	-95.03
gain	34	6	-95.03
gain	6	35	-124.63
gain	35	6	-124.63
gain	6	36	-113.44
gain	36	6	-113.44
gain	6	37	-101.82
gain	37	6	-101.82
gain	6	38	-120.34
gain	38	6	-120.34
gain	6	39	-105.86
gain	39	6	-105.86
gain	6	40	-110.50
gain	40	6	-110.50
gain	6	41	-110.50
gain	41	6	-110.50
gain	6	42	-111.14
gain	42	6	-111.14
gain	6	43	-117.91
gain	43	6	-117.91
gain	6	44	-118.56
gain	44	6	-118.56
gain	6	45	-125.22
gain	45	6	-125.22
gain	6	46	-106.43
gain	46	6	-106.43
gain	6	47	-106.80
gain	47	6	-106.80
gain	6	48	-112.33
gain	48	6	-112.33
gain	7	8	-87.78
gain	8	7	-87.78
gain	7	9	-105.03
gain	9	7	-105.03
gain	7	10	-102.00
gain	10	7	-102.00
gain	7	11	-103.90
gain	11	7	-103.90
gain	7	12	-112.27
gain	12	7	-112.27
gain	7	13	-116.05
gain	13	7	-116.05
gain	7	14	-93.60
gain	14	7	-93.60
gain	7	15	-88.98
gain	15	7	-88.98
gain	7	16	-94.24
gain	16	7	-94.24
gain	7	17	-101.87
gain	17	7	-101.87
gain	7	18	-115.49
gain	18	7	-115.49
gain	7	19	-101.35
gain	19	7	-101.35
gain	7	20	-109.66
gain	20	7	-109.66
gain	7	21	-101.59
gain	21	7	-101.59
gain	7	22	-96.72
gain	22	7	-96.72
gain	7	23	-95.93
gain	23	7	-95.93
gain	7	24	-103.14
gain	24	7	-103.14
gain	7	25	-106.60
gain	25	7	-106.60
gain	7	26	-119.31
gain	26	7	-119.31
gain	7	27	-113.97
gain	27	7	-113.97
gain	7	28	-112.37
gain	28	7	-112.37
gain	7	29	-105.57
gain	29	7	-105.57
gain	7	30	-101.43
gain	30	7	-101.43
gain	7	31	-112.03
gain	31	7	-112.03
gain	7	32	-109.54
gain	32	7	-109.54
gain	7	33	-101.00
gain	33	7	-101.00
gain	7	34	-120.62
gain	34	7	-120.62
gain	7	35	-103.30
gain	35	7	-103.30
gain	7	36	-92.51
gain	36	7	-92.51
gain	7	37	-102.34
gain	37	7	-102.34
gain	7	38	-109.75
gain	38	7	-109.75
gain	7	39	-111.19
gain	39	7	-111.19
gain	7	40	-119.19
gain	40	7	-119.19
gain	7	41	-108.50
gain	41	7	-108.50
gain	7	42	-103.33
gain	42	7	-103.33
gain	7	43	-111.82
gain	43	7	-111.82
gain	7	44	-102.66
gain	44	7	-102.66
gain	7	45	-107.60
gain	45	7	-107.60
gain	7	46	-103.18
gain	46	7	-103.18
gain	7	47	-118.31
gain	47	7	-118.31
gain	7	48	-105.28
gain	48	7	-105.28
gain	8	9	-84.20
gain	9	8	-84.20
gain	8	10	-108.88
gain	10	8	-108.88
gain	8	11	-98.60
gain	11	8	-98.60
gain	8	12	-102.67
gain	12	8	-102.67
gain	8	13	-107.02
gain	13	8	-107.02
gain	8	14	-92.21
gain	14	8	-92.21
gain	8	15	-84.06
gain	15	8	-84.06
gain	8	16	-90.97
gain	16	8	-90.97
gain	8	17	-93.84
gain	17	8	-93.84
gain	8	18	-102.72
gain	18	8	-102.72
gain	8	19	-94.44
gain	19	8	-94.44
gain	8	20	-101.29
gain	20	8	-101.29
gain	8	21	-100.33
gain	21	8	-100.33
gain	8	22	-98.19
gain	22	8	-98.19
gain	8	23	-90.66
gain	23	8	-90.66
gain	8	24	-106.27
gain	24	8	-106.27
gain	8	25	-115.65
gain	25	8	-115.65
gain	8	26	-102.10
gain	26	8	-102.10
gain	8	27	-108.18
gain	27	8	-108.18
gain	8	28	-101.63
gain	28	8	-101.63
gain	8	29	-103.20
gain	29	8	-103.20
gain	8	30	-100.53
gain	30	8	-100.53
gain	8	31	-103.23
gain	31	8	-103.23
gain	8	32	-100.91
gain	32	8	-100.91
gain	8	33	-108.06
gain	33	8	-108.06
gain	8	34	-114.00
gain	34	8	-114.00
gain	8	35	-112.00
gain	35	8	-112.00
gain	8	36	-108.21
gain	36	8	-108.21
gain	8	37	-120.80
gain	37	8	-120.80
gain	8	38	-106.91
gain	38	8	-106.91
gain	8	39	-109.71
gain	39	8	-109.71
gain	8	40	-109.23
gain	40	8	-109.23
gain	8	41	-114.14
gain	41	8	-114.14
gain	8	42	-118.31
gain	42	8	-118.31
gain	8	43	-112.95
gain	43	8	-112.95
gain	8	44	-94.90
gain	44	8	-94.90
gain	8	45	-108.27
gain	45	8	-108.27
gain	8	46	-115.68
gain	46	8	-115.68
gain	8	47	-119.24
gain	47	8	-119.24
gain	8	48	-114.99
gain	48	8	-114.99
gain	9	10	-78.42
gain	10	9	-78.42
gain	9	11	-92.44
gain	11	9	-92.44
gain	9	12	-98.53
gain	12	9	-98.53
gain	9	13	-105.85
gain	13	9	-105.85
gain	9	14	-93.65
gain	14	9	-93.65
gain	9	15	-86.55
gain	15	9	-86.55
gain	9	16	-87.86
gain	16	9	-87.86
gain	9	17	-88.44
gain	17	9	-88.44
gain	9	18	-93.29
gain	18	9	-93.29
gain	9	19	-102.28
gain	19	9	-102.28
gain	9	20	-110.10
gain	20	9	-110.10
gain	9	21	-103.15
gain	21	9	-103.15
gain	9	22	-101.32
gain	22	9	-101.32
gain	9	23	-87.54
gain	23	9	-87.54
gain	9	24	-99.02
gain	24	9	-99.02
gain	9	25	-99.22
gain	25	9	-99.22
gain	9	26	-98.99
gain	26	9	-98.99
gain	9	27	-110.41
gain	27	9	-110.41
gain	9	28	-106.81
gain	28	9	-106.81
gain	9	29	-99.50
gain	29	9	-99.50
gain	9	30	-93.05
gain	30	9	-93.05
gain	9	31	-100.04
gain	31	9	-100.04
gain	9	32	-106.90
gain	32	9	-106.90
gain	9	33	-112.01
gain	33	9	-112.01
gain	9	34	-110.47
gain	34	9	-110.47
gain	9	35	-97.19
gain	35	9	-97.19
gain	9	36	-110.04
gain	36	9	-110.04
gain	9	37	-108.53
gain	37	9	-108.53
gain	9	38	-111.78
gain	38	9	-111.78
gain	9	39	-107.67
gain	39	9	-107.67
gain	9	40	-97.80
gain	40	9	-97.80
gain	9	41	-104.62
gain	41	9	-104.62
gain	9	42	-107.07
gain	42	9	-107.07
gain	9	43	-104.54
gain	43	9	-104.54
gain	9	44	-109.16
gain	44	9	-109.16
gain	9	45	-115.65
gain	45	9	-115.65
gain	9	46	-107.91
gain	46	9	-107.91
gain	9	47	-112.74
gain	47	9	-112.74
gain	9	48	-118.10
gain	48	9	-118.10
gain	10	11	-89.99
gain	11	10	-89.99
gain	10	12	-80.38
gain	12	10	-80.38
gain	10	13	-106.35
gain	13	10	-106.35
gain	10	14	-111.64
gain	14	10	-111.64
gain	10	15	-92.78
gain	15	10	-92.78
gain	10	16	-91.46
gain	16	10	-91.46
gain	10	17	-80.86
gain	17	10	-80.86
gain	10	18	-82.34
gain	18	10	-82.34
gain	10	19	-88.61
gain	19	10	-88.61
gain	10	20	-102.89
gain	20	10	-102.89
gain	10	21	-108.52
gain	21	10	-108.52
gain	10	22	-104.33
gain	22	10	-104.33
gain	10	23	-101.00
gain	23	10	-101.00
gain	10	24	-95.68
gain	24	10	-95.68
gain	10	25	-95.54
gain	25	10	-95.54
gain	10	26	-94.09
gain	26	10	-94.09
gain	10	27	-107.73
gain	27	10	-107.73
gain	10	28	-107.65
gain	28	10	-107.65
gain	10	29	-102.63
gain	29	10	-102.63
gain	10	30	-108.03
gain	30	10	-108.03
gain	10	31	-97.58
gain	31	10	-97.58
gain	10	32	-105.20
gain	32	10	-105.20
gain	10	33	-102.31
gain	33	10	-102.31
gain	10	34	-108.52
gain	34	10	-108.52
gain	10	35	-107.50
gain	35	10	-107.50
gain	10	36	-104.47
gain	36	10	-104.47
gain	10	37	-103.40
gain	37	10	-103.40
gain	10	38	-99.73
gain	38	10	-99.73
gain	10	39	-96.80
gain	39	10	-96.80
gain	10	40	-103.58
gain	40	10	-103.58
gain	10	41	-109.69
gain	41	10	-109.69
gain	10	42	-111.71
gain	42	10	-111.71
gain	10	43	-98.68
gain	43	10	-98.68
gain	10	44	-114.65
gain	44	10	-114.65
gain	10	45	-102.83
gain	45	10	-102.83
gain	10	46	-110.07
gain	46	10	-110.07
gain	10	47	-118.45
gain	47	10	-118.45
gain	10	48	-111.68
gain	48	10	-111.68
gain	11	12	-83.81
gain	12	11	-83.81
gain	11	13	-92.89
gain	13	11	-92.89
gain	11	14	-113.63
gain	14	11	-113.63
gain	11	15	-100.44
gain	15	11	-100.44
gain	11	16	-94.17
gain	16	11	-94.17
gain	11	17	-83.69
gain	17	11	-83.69
gain	11	18	-87.93
gain	18	11	-87.93
gain	11	19	-81.36
gain	19	11	-81.36
gain	11	20	-95.78
gain	20	11	-95.78
gain	11	21	-103.18
gain	21	11	-103.18
gain	11	22	-111.83
gain	22	11	-111.83
gain	11	23	-96.20
gain	23	11	-96.20
gain	11	24	-103.53
gain	24	11	-103.53
gain	11	25	-96.90
gain	25	11	-96.90
gain	11	26	-105.15
gain	26	11	-105.15
gain	11	27	-100.97
gain	27	11	-100.97
gain	11	28	-119.59
gain	28	11	-119.59
gain	11	29	-105.92
gain	29	11	-105.92
gain	11	30	-103.10
gain	30	11	-103.10
gain	11	31	-110.19
gain	31	11	-110.19
gain	11	32	-105.94
gain	32	11	-105.94
gain	11	33	-93.03
gain	33	11	-93.03
gain	11	34	-102.83
gain	34	11	-102.83
gain	11	35	-108.39
gain	35	11	-108.39
gain	11	36	-107.97
gain	36	11	-107.97
gain	11	37	-108.64
gain	37	11	-108.64
gain	11	38	-98.12
gain	38	11	-98.12
gain	11	39	-105.12
gain	39	11	-105.12
gain	11	40	-109.18
gain	40	11	-109.18
gain	11	41	-106.66
gain	41	11	-106.66
gain	11	42	-114.44
gain	42	11	-114.44
gain	11	43	-108.96
gain	43	11	-108.96
gain	11	44	-113.11
gain	44	11	-113.11
gain	11	45	-94.91
gain	45	11	-94.91
gain	11	46	-97.56
gain	46	11	-97.56
gain	11	47	-112.99
gain	47	11	-112.99
gain	11	48	-113.16
gain	48	11	-113.16
gain	12	13	-85.36
gain	13	12	-85.36
gain	12	14	-107.36
gain	14	12	-107.36
gain	12	15	-110.38
gain	15	12	-110.38
gain	12	16	-99.88
gain	16	12	-99.88
gain	12	17	-96.31
gain	17	12	-96.31
gain	12	18	-90.25
gain	18	12	-90.25
gain	12	19	-79.88
gain	19	12	-79.88
gain	12	20	-90.82
gain	20	12	-90.82
gain	12	21	-103.77
gain	21	12	-103.77
gain	12	22	-107.18
gain	22	12	-107.18
gain	12	23	-95.86
gain	23	12	-95.86
gain	12	24	-99.00
gain	24	12	-99.00
gain	12	25	-86.36
gain	25	12	-86.36
gain	12	26	-94.75
gain	26	12	-94.75
gain	12	27	-97.61
gain	27	12	-97.61
gain	12	28	-114.84
gain	28	12	-114.84
gain	12	29	-111.17
gain	29	12	-111.17
gain	12	30	-99.79
gain	30	12	-99.79
gain	12	31	-94.54
gain	31	12	-94.54
gain	12	32	-104.03
gain	32	12	-104.03
gain	12	33	-104.83
gain	33	12	-104.83
gain	12	34	-108.35
gain	34	12	-108.35
gain	12	35	-108.87
gain	35	12	-108.87
gain	12	36	-108.85
gain	36	12	-108.85
gain	12	37	-103.57
gain	37	12	-103.57
gain	12	38	-96.34
gain	38	12	-96.34
gain	12	39	-104.93
gain	39	12	-104.93
gain	12	40	-102.53
gain	40	12	-102.53
gain	12	41	-101.89
gain	41	12	-101.89
gain	12	42	-102.13
gain	42	12	-102.13
gain	12	43	-113.94
gain	43	12	-113.94
gain	12	44	-122.74
gain	44	12	-122.74
gain	12	45	-111.36
gain	45	12	-111.36
gain	12	46	-105.61
gain	46	12	-105.61
gain	12	47	-96.78
gain	47	12	-96.78
gain	12	48	-103.96
gain	48	12	-103.96
gain	13	14	-100.37
gain	14	13	-100.37
gain	13	15	-106.84
gain	15	13	-106.84
gain	13	16	-102.97
gain	16	13	-102.97
gain	13	17	-105.63
gain	17	13	-105.63
gain	13	18	-91.56
gain	18	13	-91.56
gain	13	19	-91.49
gain	19	13	-91.49
gain	13	20	-87.48
gain	20	13	-87.48
gain	13	21	-104.96
gain	21	13	-104.96
gain	13	22	-107.72
gain	22	13	-107.72
gain	13	23	-108.78
gain	23	13	-108.78
gain	13	24	-107.83
gain	24	13	-107.83
gain	13	25	-103.41
gain	25	13	-103.41
gain	13	26	-94.85
gain	26	13	-94.85
gain	13	27	-92.10
gain	27	13	-92.10
gain	13	28	-114.54
gain	28	13	-114.54
gain	13	29	-105.98
gain	29	13	-105.98
gain	13	30	-104.48
gain	30	13	-104.48
gain	13	31	-108.13
gain	31	13	-108.13
gain	13	32	-108.39
gain	32	13	-108.39
gain	13	33	-88.64
gain	33	13	-88.64
gain	13	34	-92.46
gain	34	13	-92.46
gain	13	35	-111.52
gain	35	13	-111.52
gain	13	36	-107.33
gain	36	13	-107.33
gain	13	37	-114.06
gain	37	13	-114.06
gain	13	38	-106.14
gain	38	13	-106.14
gain	13	39	-104.24
gain	39	13	-104.24
gain	13	40	-99.82
gain	40	13	-99.82
gain	13	41	-103.60
gain	41	13	-103.60
gain	13	42	-107.92
gain	42	13	-107.92
gain	13	43	-105.98
gain	43	13	-105.98
gain	13	44	-100.64
gain	44	13	-100.64
gain	13	45	-115.60
gain	45	13	-115.60
gain	13	46	-101.78
gain	46	13	-101.78
gain	13	47	-112.79
gain	47	13	-112.79
gain	13	48	-100.64
gain	48	13	-100.64
gain	14	15	-84.53
gain	15	14	-84.53
gain	14	16	-100.05
gain	16	14	-100.05
gain	14	17	-97.71
gain	17	14	-97.71
gain	14	18	-107.27
gain	18	14	-107.27
gain	14	19	-103.79
gain	19	14	-103.79
gain	14	20	-116.58
gain	20	14	-116.58
gain	14	21	-83.09
gain	21	14	-83.09
gain	14	22	-88.69
gain	22	14	-88.69
gain	14	23	-104.30
gain	23	14	-104.30
gain	14	24	-110.82
gain	24	14	-110.82
gain	14	25	-100.93
gain	25	14	-100.93
gain	14	26	-111.90
gain	26	14	-111.90
gain	14	27	-114.14
gain	27	14	-114.14
gain	14	28	-101.14
gain	28	14	-101.14
gain	14	29	-87.77
gain	29	14	-87.77
gain	14	30	-101.14
gain	30	14	-101.14
gain	14	31	-96.82
gain	31	14	-96.82
gain	14	32	-112.79
gain	32	14	-112.79
gain	14	33	-95.07
gain	33	14	-95.07
gain	14	34	-113.84
gain	34	14	-113.84
gain	14	35	-108.32
gain	35	14	-108.32
gain	14	36	-100.38
gain	36	14	-100.38
gain	14	37	-103.32
gain	37	14	-103.32
gain	14	38	-100.92
gain	38	14	-100.92
gain	14	39	-124.26
gain	39	14	-124.26
gain	14	40	-108.78
gain	40	14	-108.78
gain	14	41	-119.59
gain	41	14	-119.59
gain	14	42	-97.65
gain	42	14	-97.65
gain	14	43	-105.64
gain	43	14	-105.64
gain	14	44	-111.30
gain	44	14	-111.30
gain	14	45	-114.82
gain	45	14	-114.82
gain	14	46	-115.06
gain	46	14	-115.06
gain	14	47	-117.92
gain	47	14	-117.92
gain	14	48	-113.11
gain	48	14	-113.11
gain	15	16	-90.47
gain	16	15	-90.47
gain	15	17	-88.88
gain	17	15	-88.88
gain	15	18	-100.73
gain	18	15	-100.73
gain	15	19	-109.69
gain	19	15	-109.69
gain	15	20	-106.14
gain	20	15	-106.14
gain	15	21	-87.85
gain	21	15	-87.85
gain	15	22	-89.71
gain	22	15	-89.71
gain	15	23	-94.32
gain	23	15	-94.32
gain	15	24	-98.96
gain	24	15	-98.96
gain	15	25	-106.41
gain	25	15	-106.41
gain	15	26	-96.40
gain	26	15	-96.40
gain	15	27	-102.96
gain	27	15	-102.96
gain	15	28	-90.12
gain	28	15	-90.12
gain	15	29	-93.90
gain	29	15	-93.90
gain	15	30	-98.62
gain	30	15	-98.62
gain	15	31	-104.97
gain	31	15	-104.97
gain	15	32	-109.05
gain	32	15	-109.05
gain	15	33	-95.00
gain	33	15	-95.00
gain	15	34	-106.22
gain	34	15	-106.22
gain	15	35	-99.39
gain	35	15	-99.39
gain	15	36	-94.52
gain	36	15	-94.52
gain	15	37	-96.95
gain	37	15	-96.95
gain	15	38	-98.07
gain	38	15	-98.07
gain	15	39	-114.87
gain	39	15	-114.87
gain	15	40	-113.87
gain	40	15	-113.87
gain	15	41	-112.33
gain	41	15	-112.33
gain	15	42	-103.52
gain	42	15	-103.52
gain	15	43	-111.03
gain	43	15	-111.03
gain	15	44	-107.84
gain	44	15	-107.84
gain	15	45	-113.32
gain	45	15	-113.32
gain	15	46	-111.24
gain	46	15	-111.24
gain	15	47	-100.39
gain	47	15	-100.39
gain	15	48	-111.49
gain	48	15	-111.49
gain	16	17	-83.26
gain	17	16	-83.26
gain	16	18	-101.64
gain	18	16	-101.64
gain	16	19	-104.43
gain	19	16	-104.43
gain	16	20	-101.56
gain	20	16	-101.56
gain	16	21	-94.71
gain	21	16	-94.71
gain	16	22	-88.64
gain	22	16	-88.64
gain	16	23	-84.07
gain	23	16	-84.07
gain	16	24	-98.93
gain	24	16	-98.93
gain	16	25	-106.81
gain	25	16	-106.81
gain	16	26	-99.77
gain	26	16	-99.77
gain	16	27	-105.40
gain	27	16	-105.40
gain	16	28	-96.69
gain	28	16	-96.69
gain	16	29	-98.70
gain	29	16	-98.70
gain	16	30	-96.31
gain	30	16	-96.31
gain	16	31	-98.22
gain	31	16	-98.22
gain	16	32	-91.13
gain	32	16	-91.13
gain	16	33	-97.28
gain	33	16	-97.28
gain	16	34	-107.38
gain	34	16	-107.38
gain	16	35	-109.16
gain	35	16	-109.16
gain	16	36	-104.04
gain	36	16	-104.04
gain	16	37	-98.64
gain	37	16	-98.64
gain	16	38	-112.56
gain	38	16	-112.56
gain	16	39	-105.72
gain	39	16	-105.72
gain	16	40	-106.84
gain	40	16	-106.84
gain	16	41	-109.75
gain	41	16	-109.75
gain	16	42	-114.19
gain	42	16	-114.19
gain	16	43	-110.57
gain	43	16	-110.57
gain	16	44	-102.97
gain	44	16	-102.97
gain	16	45	-116.63
gain	45	16	-116.63
gain	16	46	-105.68
gain	46	16	-105.68
gain	16	47	-108.96
gain	47	16	-108.96
gain	16	48	-104.75
gain	48	16	-104.75
gain	17	18	-78.53
gain	18	17	-78.53
gain	17	19	-92.93
gain	19	17	-92.93
gain	17	20	-97.47
gain	20	17	-97.47
gain	17	21	-110.92
gain	21	17	-110.92
gain	17	22	-94.04
gain	22	17	-94.04
gain	17	23	-84.05
gain	23	17	-84.05
gain	17	24	-83.67
gain	24	17	-83.67
gain	17	25	-92.82
gain	25	17	-92.82
gain	17	26	-98.94
gain	26	17	-98.94
gain	17	27	-104.74
gain	27	17	-104.74
gain	17	28	-98.39
gain	28	17	-98.39
gain	17	29	-96.13
gain	29	17	-96.13
gain	17	30	-92.89
gain	30	17	-92.89
gain	17	31	-102.35
gain	31	17	-102.35
gain	17	32	-102.43
gain	32	17	-102.43
gain	17	33	-105.48
gain	33	17	-105.48
gain	17	34	-115.14
gain	34	17	-115.14
gain	17	35	-102.77
gain	35	17	-102.77
gain	17	36	-101.73
gain	36	17	-101.73
gain	17	37	-113.98
gain	37	17	-113.98
gain	17	38	-101.60
gain	38	17	-101.60
gain	17	39	-85.50
gain	39	17	-85.50
gain	17	40	-106.89
gain	40	17	-106.89
gain	17	41	-110.77
gain	41	17	-110.77
gain	17	42	-98.43
gain	42	17	-98.43
gain	17	43	-102.10
gain	43	17	-102.10
gain	17	44	-105.19
gain	44	17	-105.19
gain	17	45	-101.50
gain	45	17	-101.50
gain	17	46	-104.99
gain	46	17	-104.99
gain	17	47	-95.47
gain	47	17	-95.47
gain	17	48	-102.05
gain	48	17	-102.05
gain	18	19	-83.07
gain	19	18	-83.07
gain	18	20	-94.36
gain	20	18	-94.36
gain	18	21	-102.75
gain	21	18	-102.75
gain	18	22	-106.72
gain	22	18	-106.72
gain	18	23	-96.72
gain	23	18	-96.72
gain	18	24	-93.77
gain	24	18	-93.77
gain	18	25	-86.36
gain	25	18	-86.36
gain	18	26	-96.04
gain	26	18	-96.04
gain	18	27	-93.32
gain	27	18	-93.32
gain	18	28	-106.87
gain	28	18	-106.87
gain	18	29	-102.75
gain	29	18	-102.75
gain	18	30	-101.73
gain	30	18	-101.73
gain	18	31	-106.97
gain	31	18	-106.97
gain	18	32	-93.87
gain	32	18	-93.87
gain	18	33	-95.26
gain	33	18	-95.26
gain	18	34	-105.90
gain	34	18	-105.90
gain	18	35	-104.51
gain	35	18	-104.51
gain	18	36	-102.11
gain	36	18	-102.11
gain	18	37	-97.94
gain	37	18	-97.94
gain	18	38	-88.69
gain	38	18	-88.69
gain	18	39	-93.88
gain	39	18	-93.88
gain	18	40	-96.31
gain	40	18	-96.31
gain	18	41	-108.33
gain	41	18	-108.33
gain	18	42	-102.91
gain	42	18	-102.91
gain	18	43	-113.68
gain	43	18	-113.68
gain	18	44	-114.16
gain	44	18	-114.16
gain	18	45	-107.73
gain	45	18	-107.73
gain	18	46	-105.34
gain	46	18	-105.34
gain	18	47	-109.63
gain	47	18	-109.63
gain	18	48	-113.79
gain	48	18	-113.79
gain	19	20	-79.93
gain	20	19	-79.93
gain	19	21	-103.82
gain	21	19	-103.82
gain	19	22	-101.83
gain	22	19	-101.83
gain	19	23	-109.13
gain	23	19	-109.13
gain	19	24	-90.67
gain	24	19	-90.67
gain	19	25	-87.98
gain	25	19	-87.98
gain	19	26	-86.30
gain	26	19	-86.30
gain	19	27	-85.08
gain	27	19	-85.08
gain	19	28	-107.88
gain	28	19	-107.88
gain	19	29	-97.65
gain	29	19	-97.65
gain	19	30	-102.94
gain	30	19	-102.94
gain	19	31	-102.57
gain	31	19	-102.57
gain	19	32	-96.00
gain	32	19	-96.00
gain	19	33	-97.23
gain	33	19	-97.23
gain	19	34	-90.34
gain	34	19	-90.34
gain	19	35	-109.03
gain	35	19	-109.03
gain	19	36	-109.77
gain	36	19	-109.77
gain	19	37	-96.32
gain	37	19	-96.32
gain	19	38	-104.88
gain	38	19	-104.88
gain	19	39	-93.90
gain	39	19	-93.90
gain	19	40	-104.64
gain	40	19	-104.64
gain	19	41	-94.35
gain	41	19	-94.35
gain	19	42	-124.29
gain	42	19	-124.29
gain	19	43	-103.73
gain	43	19	-103.73
gain	19	44	-116.20
gain	44	19	-116.20
gain	19	45	-109.08
gain	45	19	-109.08
gain	19	46	-107.04
gain	46	19	-107.04
gain	19	47	-94.42
gain	47	19	-94.42
gain	19	48	-108.06
gain	48	19	-108.06
gain	20	21	-109.25
gain	21	20	-109.25
gain	20	22	-113.75
gain	22	20	-113.75
gain	20	23	-106.79
gain	23	20	-106.79
gain	20	24	-96.44
gain	24	20	-96.44
gain	20	25	-99.41
gain	25	20	-99.41
gain	20	26	-94.66
gain	26	20	-94.66
gain	20	27	-91.45
gain	27	20	-91.45
gain	20	28	-117.44
gain	28	20	-117.44
gain	20	29	-113.33
gain	29	20	-113.33
gain	20	30	-106.04
gain	30	20	-106.04
gain	20	31	-106.81
gain	31	20	-106.81
gain	20	32	-102.19
gain	32	20	-102.19
gain	20	33	-96.16
gain	33	20	-96.16
gain	20	34	-102.72
gain	34	20	-102.72
gain	20	35	-111.43
gain	35	20	-111.43
gain	20	36	-122.29
gain	36	20	-122.29
gain	20	37	-115.04
gain	37	20	-115.04
gain	20	38	-109.98
gain	38	20	-109.98
gain	20	39	-101.13
gain	39	20	-101.13
gain	20	40	-102.86
gain	40	20	-102.86
gain	20	41	-94.47
gain	41	20	-94.47
gain	20	42	-102.98
gain	42	20	-102.98
gain	20	43	-111.60
gain	43	20	-111.60
gain	20	44	-108.58
gain	44	20	-108.58
gain	20	45	-104.69
gain	45	20	-104.69
gain	20	46	-105.11
gain	46	20	-105.11
gain	20	47	-109.02
gain	47	20	-109.02
gain	20	48	-99.91
gain	48	20	-99.91
gain	21	22	-85.67
gain	22	21	-85.67
gain	21	23	-96.45
gain	23	21	-96.45
gain	21	24	-105.90
gain	24	21	-105.90
gain	21	25	-110.75
gain	25	21	-110.75
gain	21	26	-111.43
gain	26	21	-111.43
gain	21	27	-105.77
gain	27	21	-105.77
gain	21	28	-81.01
gain	28	21	-81.01
gain	21	29	-95.82
gain	29	21	-95.82
gain	21	30	-93.86
gain	30	21	-93.86
gain	21	31	-108.35
gain	31	21	-108.35
gain	21	32	-103.40
gain	32	21	-103.40
gain	21	33	-104.04
gain	33	21	-104.04
gain	21	34	-98.94
gain	34	21	-98.94
gain	21	35	-97.02
gain	35	21	-97.02
gain	21	36	-94.27
gain	36	21	-94.27
gain	21	37	-98.98
gain	37	21	-98.98
gain	21	38	-106.69
gain	38	21	-106.69
gain	21	39	-96.29
gain	39	21	-96.29
gain	21	40	-109.69
gain	40	21	-109.69
gain	21	41	-118.56
gain	41	21	-118.56
gain	21	42	-102.34
gain	42	21	-102.34
gain	21	43	-101.94
gain	43	21	-101.94
gain	21	44	-110.81
gain	44	21	-110.81
gain	21	45	-95.97
gain	45	21	-95.97
gain	21	46	-117.84
gain	46	21	-117.84
gain	21	47	-102.95
gain	47	21	-102.95
gain	21	48	-107.70
gain	48	21	-107.70
gain	22	23	-89.48
gain	23	22	-89.48
gain	22	24	-82.94
gain	24	22	-82.94
gain	22	25	-109.78
gain	25	22	-109.78
gain	22	26	-92.91
gain	26	22	-92.91
gain	22	27	-109.69
gain	27	22	-109.69
gain	22	28	-93.67
gain	28	22	-93.67
gain	22	29	-77.49
gain	29	22	-77.49
gain	22	30	-101.33
gain	30	22	-101.33
gain	22	31	-81.06
gain	31	22	-81.06
gain	22	32	-97.81
gain	32	22	-97.81
gain	22	33	-98.70
gain	33	22	-98.70
gain	22	34	-112.84
gain	34	22	-112.84
gain	22	35	-90.82
gain	35	22	-90.82
gain	22	36	-91.52
gain	36	22	-91.52
gain	22	37	-96.26
gain	37	22	-96.26
gain	22	38	-105.65
gain	38	22	-105.65
gain	22	39	-105.91
gain	39	22	-105.91
gain	22	40	-110.63
gain	40	22	-110.63
gain	22	41	-98.10
gain	41	22	-98.10
gain	22	42	-98.87
gain	42	22	-98.87
gain	22	43	-111.72
gain	43	22	-111.72
gain	22	44	-109.28
gain	44	22	-109.28
gain	22	45	-104.36
gain	45	22	-104.36
gain	22	46	-106.04
gain	46	22	-106.04
gain	22	47	-101.05
gain	47	22	-101.05
gain	22	48	-116.18
gain	48	22	-116.18
gain	23	24	-84.32
gain	24	23	-84.32
gain	23	25	-96.53
gain	25	23	-96.53
gain	23	26	-105.02
gain	26	23	-105.02
gain	23	27	-108.82
gain	27	23	-108.82
gain	23	28	-92.38
gain	28	23	-92.38
gain	23	29	-84.38
gain	29	23	-84.38
gain	23	30	-88.45
gain	30	23	-88.45
gain	23	31	-78.86
gain	31	23	-78.86
gain	23	32	-92.06
gain	32	23	-92.06
gain	23	33	-101.80
gain	33	23	-101.80
gain	23	34	-102.03
gain	34	23	-102.03
gain	23	35	-99.80
gain	35	23	-99.80
gain	23	36	-97.21
gain	36	23	-97.21
gain	23	37	-84.64
gain	37	23	-84.64
gain	23	38	-104.12
gain	38	23	-104.12
gain	23	39	-93.29
gain	39	23	-93.29
gain	23	40	-99.06
gain	40	23	-99.06
gain	23	41	-111.93
gain	41	23	-111.93
gain	23	42	-94.93
gain	42	23	-94.93
gain	23	43	-98.42
gain	43	23	-98.42
gain	23	44	-100.25
gain	44	23	-100.25
gain	23	45	-107.00
gain	45	23	-107.00
gain	23	46	-109.94
gain	46	23	-109.94
gain	23	47	-109.22
gain	47	23	-109.22
gain	23	48	-107.64
gain	48	23	-107.64
gain	24	25	-82.37
gain	25	24	-82.37
gain	24	26	-94.49
gain	26	24	-94.49
gain	24	27	-86.98
gain	27	24	-86.98
gain	24	28	-106.13
gain	28	24	-106.13
gain	24	29	-94.16
gain	29	24	-94.16
gain	24	30	-86.87
gain	30	24	-86.87
gain	24	31	-74.25
gain	31	24	-74.25
gain	24	32	-93.60
gain	32	24	-93.60
gain	24	33	-90.04
gain	33	24	-90.04
gain	24	34	-96.95
gain	34	24	-96.95
gain	24	35	-108.62
gain	35	24	-108.62
gain	24	36	-98.50
gain	36	24	-98.50
gain	24	37	-88.52
gain	37	24	-88.52
gain	24	38	-94.42
gain	38	24	-94.42
gain	24	39	-92.14
gain	39	24	-92.14
gain	24	40	-95.83
gain	40	24	-95.83
gain	24	41	-106.99
gain	41	24	-106.99
gain	24	42	-114.28
gain	42	24	-114.28
gain	24	43	-106.67
gain	43	24	-106.67
gain	24	44	-103.97
gain	44	24	-103.97
gain	24	45	-92.35
gain	45	24	-92.35
gain	24	46	-93.43
gain	46	24	-93.43
gain	24	47	-102.90
gain	47	24	-102.90
gain	24	48	-122.13
gain	48	24	-122.13
gain	25	26	-89.61
gain	26	25	-89.61
gain	25	27	-105.60
gain	27	25	-105.60
gain	25	28	-105.02
gain	28	25	-105.02
gain	25	29	-100.20
gain	29	25	-100.20
gain	25	30	-101.88
gain	30	25	-101.88
gain	25	31	-84.51
gain	31	25	-84.51
gain	25	32	-88.82
gain	32	25	-88.82
gain	25	33	-95.47
gain	33	25	-95.47
gain	25	34	-102.70
gain	34	25	-102.70
gain	25	35	-100.94
gain	35	25	-100.94
gain	25	36	-110.52
gain	36	25	-110.52
gain	25	37	-96.23
gain	37	25	-96.23
gain	25	38	-97.33
gain	38	25	-97.33
gain	25	39	-97.01
gain	39	25	-97.01
gain	25	40	-104.49
gain	40	25	-104.49
gain	25	41	-103.41
gain	41	25	-103.41
gain	25	42	-108.88
gain	42	25	-108.88
gain	25	43	-100.82
gain	43	25	-100.82
gain	25	44	-107.02
gain	44	25	-107.02
gain	25	45	-102.57
gain	45	25	-102.57
gain	25	46	-100.25
gain	46	25	-100.25
gain	25	47	-101.02
gain	47	25	-101.02
gain	25	48	-107.85
gain	48	25	-107.85
gain	26	27	-79.42
gain	27	26	-79.42
gain	26	28	-106.95
gain	28	26	-106.95
gain	26	29	-99.33
gain	29	26	-99.33
gain	26	30	-94.12
gain	30	26	-94.12
gain	26	31	-94.59
gain	31	26	-94.59
gain	26	32	-91.01
gain	32	26	-91.01
gain	26	33	-86.24
gain	33	26	-86.24
gain	26	34	-87.06
gain	34	26	-87.06
gain	26	35	-104.96
gain	35	26	-104.96
gain	26	36	-104.65
gain	36	26	-104.65
gain	26	37	-105.00
gain	37	26	-105.00
gain	26	38	-102.94
gain	38	26	-102.94
gain	26	39	-91.39
gain	39	26	-91.39
gain	26	40	-91.90
gain	40	26	-91.90
gain	26	41	-95.87
gain	41	26	-95.87
gain	26	42	-109.14
gain	42	26	-109.14
gain	26	43	-114.47
gain	43	26	-114.47
gain	26	44	-108.35
gain	44	26	-108.35
gain	26	45	-114.01
gain	45	26	-114.01
gain	26	46	-103.84
gain	46	26	-103.84
gain	26	47	-98.74
gain	47	26	-98.74
gain	26	48	-102.41
gain	48	26	-102.41
gain	27	28	-118.32
gain	28	27	-118.32
gain	27	29	-106.41
gain	29	27	-106.41
gain	27	30	-116.51
gain	30	27	-116.51
gain	27	31	-95.63
gain	31	27	-95.63
gain	27	32	-97.39
gain	32	27	-97.39
gain	27	33	-92.59
gain	33	27	-92.59
gain	27	34	-87.13
gain	34	27	-87.13
gain	27	35	-101.61
gain	35	27	-101.61
gain	27	36	-108.95
gain	36	27	-108.95
gain	27	37	-116.12
gain	37	27	-116.12
gain	27	38	-104.59
gain	38	27	-104.59
gain	27	39	-101.10
gain	39	27	-101.10
gain	27	40	-88.69
gain	40	27	-88.69
gain	27	41	-96.14
gain	41	27	-96.14
gain	27	42	-107.18
gain	42	27	-107.18
gain	27	43	-104.73
gain	43	27	-104.73
gain	27	44	-108.66
gain	44	27	-108.66
gain	27	45	-99.57
gain	45	27	-99.57
gain	27	46	-97.51
gain	46	27	-97.51
gain	27	47	-106.02
gain	47	27	-106.02
gain	27	48	-104.62
gain	48	27	-104.62
gain	28	29	-80.21
gain	29	28	-80.21
gain	28	30	-89.36
gain	30	28	-89.36
gain	28	31	-103.62
gain	31	28	-103.62
gain	28	32	-104.97
gain	32	28	-104.97
gain	28	33	-108.65
gain	33	28	-108.65
gain	28	34	-108.15
gain	34	28	-108.15
gain	28	35	-82.55
gain	35	28	-82.55
gain	28	36	-85.45
gain	36	28	-85.45
gain	28	37	-90.83
gain	37	28	-90.83
gain	28	38	-105.80
gain	38	28	-105.80
gain	28	39	-105.00
gain	39	28	-105.00
gain	28	40	-113.59
gain	40	28	-113.59
gain	28	41	-101.65
gain	41	28	-101.65
gain	28	42	-96.00
gain	42	28	-96.00
gain	28	43	-98.76
gain	43	28	-98.76
gain	28	44	-113.16
gain	44	28	-113.16
gain	28	45	-102.30
gain	45	28	-102.30
gain	28	46	-117.20
gain	46	28	-117.20
gain	28	47	-111.03
gain	47	28	-111.03
gain	28	48	-110.63
gain	48	28	-110.63
gain	29	30	-76.58
gain	30	29	-76.58
gain	29	31	-84.88
gain	31	29	-84.88
gain	29	32	-92.48
gain	32	29	-92.48
gain	29	33	-97.56
gain	33	29	-97.56
gain	29	34	-110.74
gain	34	29	-110.74
gain	29	35	-84.59
gain	35	29	-84.59
gain	29	36	-80.06
gain	36	29	-80.06
gain	29	37	-84.49
gain	37	29	-84.49
gain	29	38	-91.20
gain	38	29	-91.20
gain	29	39	-107.53
gain	39	29	-107.53
gain	29	40	-101.15
gain	40	29	-101.15
gain	29	41	-100.58
gain	41	29	-100.58
gain	29	42	-96.63
gain	42	29	-96.63
gain	29	43	-93.74
gain	43	29	-93.74
gain	29	44	-94.17
gain	44	29	-94.17
gain	29	45	-97.22
gain	45	29	-97.22
gain	29	46	-109.37
gain	46	29	-109.37
gain	29	47	-115.10
gain	47	29	-115.10
gain	29	48	-101.77
gain	48	29	-101.77
gain	30	31	-80.54
gain	31	30	-80.54
gain	30	32	-101.38
gain	32	30	-101.38
gain	30	33	-93.54
gain	33	30	-93.54
gain	30	34	-114.76
gain	34	30	-114.76
gain	30	35	-97.01
gain	35	30	-97.01
gain	30	36	-86.82
gain	36	30	-86.82
gain	30	37	-86.09
gain	37	30	-86.09
gain	30	38	-89.29
gain	38	30	-89.29
gain	30	39	-98.19
gain	39	30	-98.19
gain	30	40	-104.61
gain	40	30	-104.61
gain	30	41	-113.74
gain	41	30	-113.74
gain	30	42	-101.32
gain	42	30	-101.32
gain	30	43	-96.77
gain	43	30	-96.77
gain	30	44	-93.33
gain	44	30	-93.33
gain	30	45	-98.05
gain	45	30	-98.05
gain	30	46	-100.20
gain	46	30	-100.20
gain	30	47	-107.86
gain	47	30	-107.86
gain	30	48	-101.45
gain	48	30	-101.45
gain	31	32	-91.39
gain	32	31	-91.39
gain	31	33	-97.44
gain	33	31	-97.44
gain	31	34	-99.16
gain	34	31	-99.16
gain	31	35	-98.26
gain	35	31	-98.26
gain	31	36	-95.17
gain	36	31	-95.17
gain	31	37	-96.86
gain	37	31	-96.86
gain	31	38	-87.05
gain	38	31	-87.05
gain	31	39	-100.98
gain	39	31	-100.98
gain	31	40	-102.79
gain	40	31	-102.79
gain	31	41	-113.07
gain	41	31	-113.07
gain	31	42	-101.47
gain	42	31	-101.47
gain	31	43	-102.86
gain	43	31	-102.86
gain	31	44	-87.36
gain	44	31	-87.36
gain	31	45	-83.72
gain	45	31	-83.72
gain	31	46	-87.00
gain	46	31	-87.00
gain	31	47	-101.67
gain	47	31	-101.67
gain	31	48	-103.89
gain	48	31	-103.89
gain	32	33	-78.60
gain	33	32	-78.60
gain	32	34	-95.38
gain	34	32	-95.38
gain	32	35	-111.50
gain	35	32	-111.50
gain	32	36	-98.85
gain	36	32	-98.85
gain	32	37	-89.17
gain	37	32	-89.17
gain	32	38	-90.78
gain	38	32	-90.78
gain	32	39	-83.47
gain	39	32	-83.47
gain	32	40	-87.02
gain	40	32	-87.02
gain	32	41	-96.12
gain	41	32	-96.12
gain	32	42	-101.84
gain	42	32	-101.84
gain	32	43	-99.03
gain	43	32	-99.03
gain	32	44	-107.74
gain	44	32	-107.74
gain	32	45	-96.17
gain	45	32	-96.17
gain	32	46	-102.47
gain	46	32	-102.47
gain	32	47	-98.39
gain	47	32	-98.39
gain	32	48	-97.01
gain	48	32	-97.01
gain	33	34	-94.85
gain	34	33	-94.85
gain	33	35	-112.80
gain	35	33	-112.80
gain	33	36	-103.92
gain	36	33	-103.92
gain	33	37	-105.63
gain	37	33	-105.63
gain	33	38	-107.45
gain	38	33	-107.45
gain	33	39	-80.21
gain	39	33	-80.21
gain	33	40	-85.36
gain	40	33	-85.36
gain	33	41	-83.24
gain	41	33	-83.24
gain	33	42	-110.36
gain	42	33	-110.36
gain	33	43	-102.90
gain	43	33	-102.90
gain	33	44	-93.80
gain	44	33	-93.80
gain	33	45	-95.81
gain	45	33	-95.81
gain	33	46	-93.09
gain	46	33	-93.09
gain	33	47	-90.16
gain	47	33	-90.16
gain	33	48	-95.66
gain	48	33	-95.66
gain	34	35	-114.84
gain	35	34	-114.84
gain	34	36	-102.99
gain	36	34	-102.99
gain	34	37	-115.11
gain	37	34	-115.11
gain	34	38	-108.02
gain	38	34	-108.02
gain	34	39	-98.76
gain	39	34	-98.76
gain	34	40	-98.82
gain	40	34	-98.82
gain	34	41	-89.06
gain	41	34	-89.06
gain	34	42	-111.13
gain	42	34	-111.13
gain	34	43	-103.08
gain	43	34	-103.08
gain	34	44	-108.05
gain	44	34	-108.05
gain	34	45	-96.05
gain	45	34	-96.05
gain	34	46	-99.50
gain	46	34	-99.50
gain	34	47	-96.47
gain	47	34	-96.47
gain	34	48	-101.39
gain	48	34	-101.39
gain	35	36	-89.65
gain	36	35	-89.65
gain	35	37	-95.71
gain	37	35	-95.71
gain	35	38	-97.35
gain	38	35	-97.35
gain	35	39	-96.16
gain	39	35	-96.16
gain	35	40	-118.89
gain	40	35	-118.89
gain	35	41	-111.42
gain	41	35	-111.42
gain	35	42	-78.24
gain	42	35	-78.24
gain	35	43	-79.83
gain	43	35	-79.83
gain	35	44	-97.12
gain	44	35	-97.12
gain	35	45	-107.13
gain	45	35	-107.13
gain	35	46	-100.73
gain	46	35	-100.73
gain	35	47	-108.89
gain	47	35	-108.89
gain	35	48	-106.55
gain	48	35	-106.55
gain	36	37	-89.77
gain	37	36	-89.77
