gain	0	1	-76.74
gain	1	0	-76.74
gain	0	2	-84.72
gain	2	0	-84.72
gain	0	3	-89.54
gain	3	0	-89.54
gain	0	4	-101.05
gain	4	0	-101.05
gain	0	5	-107.15
gain	5	0	-107.15
gain	0	6	-115.36
gain	6	0	-115.36
gain	0	7	-80.02
gain	7	0	-80.02
gain	0	8	-80.04
gain	8	0	-80.04
gain	0	9	-85.16
gain	9	0	-85.16
gain	0	10	-95.44
gain	10	0	-95.44
gain	0	11	-107.70
gain	11	0	-107.70
gain	0	12	-108.72
gain	12	0	-108.72
gain	0	13	-104.39
gain	13	0	-104.39
gain	0	14	-93.15
gain	14	0	-93.15
gain	0	15	-89.71
gain	15	0	-89.71
gain	0	16	-84.15
gain	16	0	-84.15
gain	0	17	-88.51
gain	17	0	-88.51
gain	0	18	-100.84
gain	18	0	-100.84
gain	0	19	-103.10
gain	19	0	-103.10
gain	0	20	-114.74
gain	20	0	-114.74
gain	0	21	-85.46
gain	21	0	-85.46
gain	0	22	-97.36
gain	22	0	-97.36
gain	0	23	-104.55
gain	23	0	-104.55
gain	0	24	-103.35
gain	24	0	-103.35
gain	0	25	-110.47
gain	25	0	-110.47
gain	0	26	-110.91
gain	26	0	-110.91
gain	0	27	-113.38
gain	27	0	-113.38
gain	0	28	-104.36
gain	28	0	-104.36
gain	0	29	-99.53
gain	29	0	-99.53
gain	0	30	-98.53
gain	30	0	-98.53
gain	0	31	-106.19
gain	31	0	-106.19
gain	0	32	-102.57
gain	32	0	-102.57
gain	0	33	-103.58
gain	33	0	-103.58
gain	0	34	-104.31
gain	34	0	-104.31
gain	0	35	-107.70
gain	35	0	-107.70
gain	0	36	-104.49
gain	36	0	-104.49
gain	0	37	-107.39
gain	37	0	-107.39
gain	0	38	-107.94
gain	38	0	-107.94
gain	0	39	-116.45
gain	39	0	-116.45
gain	0	40	-113.70
gain	40	0	-113.70
gain	0	41	-103.12
gain	41	0	-103.12
gain	0	42	-105.13
gain	42	0	-105.13
gain	0	43	-111.66
gain	43	0	-111.66
gain	0	44	-114.19
gain	44	0	-114.19
gain	0	45	-108.34
gain	45	0	-108.34
gain	0	46	-103.10
gain	46	0	-103.10
gain	0	47	-114.56
gain	47	0	-114.56
gain	0	48	-117.76
gain	48	0	-117.76
gain	1	2	-77.55
gain	2	1	-77.55
gain	1	3	-82.39
gain	3	1	-82.39
gain	1	4	-105.23
gain	4	1	-105.23
gain	1	5	-103.91
gain	5	1	-103.91
gain	1	6	-99.12
gain	6	1	-99.12
gain	1	7	-79.93
gain	7	1	-79.93
gain	1	8	-79.88
gain	8	1	-79.88
gain	1	9	-84.03
gain	9	1	-84.03
gain	1	10	-93.50
gain	10	1	-93.50
gain	1	11	-99.56
gain	11	1	-99.56
gain	1	12	-105.33
gain	12	1	-105.33
gain	1	13	-103.83
gain	13	1	-103.83
gain	1	14	-96.31
gain	14	1	-96.31
gain	1	15	-84.68
gain	15	1	-84.68
gain	1	16	-86.31
gain	16	1	-86.31
gain	1	17	-103.77
gain	17	1	-103.77
gain	1	18	-100.05
gain	18	1	-100.05
gain	1	19	-105.80
gain	19	1	-105.80
gain	1	20	-104.42
gain	20	1	-104.42
gain	1	21	-104.47
gain	21	1	-104.47
gain	1	22	-88.13
gain	22	1	-88.13
gain	1	23	-86.83
gain	23	1	-86.83
gain	1	24	-99.93
gain	24	1	-99.93
gain	1	25	-96.96
gain	25	1	-96.96
gain	1	26	-106.91
gain	26	1	-106.91
gain	1	27	-102.27
gain	27	1	-102.27
gain	1	28	-110.79
gain	28	1	-110.79
gain	1	29	-103.00
gain	29	1	-103.00
gain	1	30	-99.75
gain	30	1	-99.75
gain	1	31	-98.68
gain	31	1	-98.68
gain	1	32	-116.26
gain	32	1	-116.26
gain	1	33	-113.68
gain	33	1	-113.68
gain	1	34	-98.29
gain	34	1	-98.29
gain	1	35	-104.17
gain	35	1	-104.17
gain	1	36	-102.68
gain	36	1	-102.68
gain	1	37	-105.75
gain	37	1	-105.75
gain	1	38	-101.96
gain	38	1	-101.96
gain	1	39	-108.90
gain	39	1	-108.90
gain	1	40	-109.99
gain	40	1	-109.99
gain	1	41	-108.49
gain	41	1	-108.49
gain	1	42	-105.82
gain	42	1	-105.82
gain	1	43	-106.51
gain	43	1	-106.51
gain	1	44	-104.20
gain	44	1	-104.20
gain	1	45	-98.24
gain	45	1	-98.24
gain	1	46	-105.31
gain	46	1	-105.31
gain	1	47	-100.53
gain	47	1	-100.53
gain	1	48	-112.64
gain	48	1	-112.64
gain	2	3	-81.79
gain	3	2	-81.79
gain	2	4	-96.89
gain	4	2	-96.89
gain	2	5	-105.10
gain	5	2	-105.10
gain	2	6	-99.34
gain	6	2	-99.34
gain	2	7	-100.98
gain	7	2	-100.98
gain	2	8	-90.72
gain	8	2	-90.72
gain	2	9	-79.26
gain	9	2	-79.26
gain	2	10	-82.31
gain	10	2	-82.31
gain	2	11	-95.93
gain	11	2	-95.93
gain	2	12	-98.50
gain	12	2	-98.50
gain	2	13	-102.36
gain	13	2	-102.36
gain	2	14	-93.71
gain	14	2	-93.71
gain	2	15	-102.76
gain	15	2	-102.76
gain	2	16	-95.58
gain	16	2	-95.58
gain	2	17	-88.26
gain	17	2	-88.26
gain	2	18	-98.77
gain	18	2	-98.77
gain	2	19	-103.53
gain	19	2	-103.53
gain	2	20	-102.95
gain	20	2	-102.95
gain	2	21	-107.26
gain	21	2	-107.26
gain	2	22	-95.13
gain	22	2	-95.13
gain	2	23	-102.07
gain	23	2	-102.07
gain	2	24	-95.47
gain	24	2	-95.47
gain	2	25	-97.41
gain	25	2	-97.41
gain	2	26	-106.20
gain	26	2	-106.20
gain	2	27	-107.94
gain	27	2	-107.94
gain	2	28	-102.08
gain	28	2	-102.08
gain	2	29	-87.15
gain	29	2	-87.15
gain	2	30	-92.60
gain	30	2	-92.60
gain	2	31	-110.69
gain	31	2	-110.69
gain	2	32	-95.67
gain	32	2	-95.67
gain	2	33	-99.27
gain	33	2	-99.27
gain	2	34	-112.36
gain	34	2	-112.36
gain	2	35	-103.74
gain	35	2	-103.74
gain	2	36	-106.58
gain	36	2	-106.58
gain	2	37	-106.53
gain	37	2	-106.53
gain	2	38	-103.77
gain	38	2	-103.77
gain	2	39	-102.22
gain	39	2	-102.22
gain	2	40	-107.02
gain	40	2	-107.02
gain	2	41	-103.85
gain	41	2	-103.85
gain	2	42	-109.60
gain	42	2	-109.60
gain	2	43	-116.46
gain	43	2	-116.46
gain	2	44	-103.16
gain	44	2	-103.16
gain	2	45	-107.18
gain	45	2	-107.18
gain	2	46	-103.68
gain	46	2	-103.68
gain	2	47	-108.78
gain	47	2	-108.78
gain	2	48	-118.61
gain	48	2	-118.61
gain	3	4	-91.58
gain	4	3	-91.58
gain	3	5	-94.73
gain	5	3	-94.73
gain	3	6	-85.85
gain	6	3	-85.85
gain	3	7	-92.01
gain	7	3	-92.01
gain	3	8	-89.27
gain	8	3	-89.27
gain	3	9	-81.49
gain	9	3	-81.49
gain	3	10	-75.71
gain	10	3	-75.71
gain	3	11	-91.28
gain	11	3	-91.28
gain	3	12	-89.54
gain	12	3	-89.54
gain	3	13	-99.93
gain	13	3	-99.93
gain	3	14	-100.99
gain	14	3	-100.99
gain	3	15	-93.58
gain	15	3	-93.58
gain	3	16	-97.01
gain	16	3	-97.01
gain	3	17	-88.02
gain	17	3	-88.02
gain	3	18	-90.36
gain	18	3	-90.36
gain	3	19	-94.39
gain	19	3	-94.39
gain	3	20	-93.82
gain	20	3	-93.82
gain	3	21	-101.39
gain	21	3	-101.39
gain	3	22	-94.95
gain	22	3	-94.95
gain	3	23	-98.22
gain	23	3	-98.22
gain	3	24	-101.40
gain	24	3	-101.40
gain	3	25	-103.48
gain	25	3	-103.48
gain	3	26	-101.89
gain	26	3	-101.89
gain	3	27	-98.15
gain	27	3	-98.15
gain	3	28	-102.51
gain	28	3	-102.51
gain	3	29	-98.88
gain	29	3	-98.88
gain	3	30	-108.52
gain	30	3	-108.52
gain	3	31	-96.74
gain	31	3	-96.74
gain	3	32	-101.76
gain	32	3	-101.76
gain	3	33	-105.97
gain	33	3	-105.97
gain	3	34	-114.52
gain	34	3	-114.52
gain	3	35	-97.54
gain	35	3	-97.54
gain	3	36	-109.49
gain	36	3	-109.49
gain	3	37	-107.55
gain	37	3	-107.55
gain	3	38	-112.20
gain	38	3	-112.20
gain	3	39	-98.47
gain	39	3	-98.47
gain	3	40	-93.05
gain	40	3	-93.05
gain	3	41	-103.39
gain	41	3	-103.39
gain	3	42	-106.60
gain	42	3	-106.60
gain	3	43	-106.83
gain	43	3	-106.83
gain	3	44	-112.34
gain	44	3	-112.34
gain	3	45	-107.76
gain	45	3	-107.76
gain	3	46	-100.46
gain	46	3	-100.46
gain	3	47	-109.17
gain	47	3	-109.17
gain	3	48	-106.66
gain	48	3	-106.66
gain	4	5	-79.66
gain	5	4	-79.66
gain	4	6	-89.37
gain	6	4	-89.37
gain	4	7	-100.08
gain	7	4	-100.08
gain	4	8	-85.25
gain	8	4	-85.25
gain	4	9	-86.00
gain	9	4	-86.00
gain	4	10	-92.00
gain	10	4	-92.00
gain	4	11	-80.54
gain	11	4	-80.54
gain	4	12	-88.78
gain	12	4	-88.78
gain	4	13	-94.76
gain	13	4	-94.76
gain	4	14	-109.46
gain	14	4	-109.46
gain	4	15	-97.61
gain	15	4	-97.61
gain	4	16	-99.97
gain	16	4	-99.97
gain	4	17	-89.59
gain	17	4	-89.59
gain	4	18	-82.74
gain	18	4	-82.74
gain	4	19	-87.48
gain	19	4	-87.48
gain	4	20	-101.70
gain	20	4	-101.70
gain	4	21	-115.74
gain	21	4	-115.74
gain	4	22	-99.89
gain	22	4	-99.89
gain	4	23	-107.16
gain	23	4	-107.16
gain	4	24	-97.18
gain	24	4	-97.18
gain	4	25	-99.48
gain	25	4	-99.48
gain	4	26	-100.33
gain	26	4	-100.33
gain	4	27	-94.53
gain	27	4	-94.53
gain	4	28	-101.58
gain	28	4	-101.58
gain	4	29	-101.76
gain	29	4	-101.76
gain	4	30	-103.39
gain	30	4	-103.39
gain	4	31	-100.96
gain	31	4	-100.96
gain	4	32	-102.32
gain	32	4	-102.32
gain	4	33	-98.03
gain	33	4	-98.03
gain	4	34	-102.17
gain	34	4	-102.17
gain	4	35	-108.68
gain	35	4	-108.68
gain	4	36	-111.14
gain	36	4	-111.14
gain	4	37	-103.17
gain	37	4	-103.17
gain	4	38	-95.32
gain	38	4	-95.32
gain	4	39	-105.01
gain	39	4	-105.01
gain	4	40	-105.94
gain	40	4	-105.94
gain	4	41	-110.06
gain	41	4	-110.06
gain	4	42	-111.32
gain	42	4	-111.32
gain	4	43	-100.65
gain	43	4	-100.65
gain	4	44	-112.09
gain	44	4	-112.09
gain	4	45	-111.31
gain	45	4	-111.31
gain	4	46	-113.87
gain	46	4	-113.87
gain	4	47	-109.94
gain	47	4	-109.94
gain	4	48	-103.25
gain	48	4	-103.25
gain	5	6	-81.53
gain	6	5	-81.53
gain	5	7	-99.49
gain	7	5	-99.49
gain	5	8	-107.67
gain	8	5	-107.67
gain	5	9	-103.73
gain	9	5	-103.73
gain	5	10	-100.26
gain	10	5	-100.26
gain	5	11	-80.58
gain	11	5	-80.58
gain	5	12	-86.05
gain	12	5	-86.05
gain	5	13	-88.30
gain	13	5	-88.30
gain	5	14	-97.00
gain	14	5	-97.00
gain	5	15	-104.89
gain	15	5	-104.89
gain	5	16	-99.46
gain	16	5	-99.46
gain	5	17	-103.61
gain	17	5	-103.61
gain	5	18	-99.63
gain	18	5	-99.63
gain	5	19	-92.62
gain	19	5	-92.62
gain	5	20	-94.48
gain	20	5	-94.48
gain	5	21	-107.04
gain	21	5	-107.04
gain	5	22	-106.58
gain	22	5	-106.58
gain	5	23	-110.94
gain	23	5	-110.94
gain	5	24	-106.91
gain	24	5	-106.91
gain	5	25	-94.97
gain	25	5	-94.97
gain	5	26	-99.44
gain	26	5	-99.44
gain	5	27	-95.96
gain	27	5	-95.96
gain	5	28	-116.47
gain	28	5	-116.47
gain	5	29	-103.17
gain	29	5	-103.17
gain	5	30	-105.34
gain	30	5	-105.34
gain	5	31	-94.43
gain	31	5	-94.43
gain	5	32	-102.86
gain	32	5	-102.86
gain	5	33	-84.29
gain	33	5	-84.29
gain	5	34	-103.90
gain	34	5	-103.90
gain	5	35	-108.93
gain	35	5	-108.93
gain	5	36	-108.13
gain	36	5	-108.13
gain	5	37	-117.14
gain	37	5	-117.14
gain	5	38	-103.08
gain	38	5	-103.08
gain	5	39	-102.02
gain	39	5	-102.02
gain	5	40	-110.19
gain	40	5	-110.19
gain	5	41	-104.22
gain	41	5	-104.22
gain	5	42	-103.62
gain	42	5	-103.62
gain	5	43	-106.86
gain	43	5	-106.86
gain	5	44	-110.16
gain	44	5	-110.16
gain	5	45	-109.92
gain	45	5	-109.92
gain	5	46	-101.06
gain	46	5	-101.06
gain	5	47	-109.28
gain	47	5	-109.28
gain	5	48	-101.87
gain	48	5	-101.87
gain	6	7	-106.26
gain	7	6	-106.26
gain	6	8	-102.99
gain	8	6	-102.99
gain	6	9	-108.21
gain	9	6	-108.21
gain	6	10	-94.89
gain	10	6	-94.89
gain	6	11	-99.28
gain	11	6	-99.28
gain	6	12	-95.67
gain	12	6	-95.67
gain	6	13	-80.88
gain	13	6	-80.88
gain	6	14	-101.95
gain	14	6	-101.95
gain	6	15	-104.10
gain	15	6	-104.10
gain	6	16	-100.55
gain	16	6	-100.55
gain	6	17	-100.80
gain	17	6	-100.80
gain	6	18	-96.92
gain	18	6	-96.92
gain	6	19	-93.31
gain	19	6	-93.31
gain	6	20	-93.29
gain	20	6	-93.29
gain	6	21	-105.94
gain	21	6	-105.94
gain	6	22	-107.52
gain	22	6	-107.52
gain	6	23	-115.35
gain	23	6	-115.35
gain	6	24	-105.75
gain	24	6	-105.75
gain	6	25	-106.55
gain	25	6	-106.55
gain	6	26	-99.25
gain	26	6	-99.25
gain	6	27	-99.08
gain	27	6	-99.08
gain	6	28	-120.62
gain	28	6	-120.62
gain	6	29	-95.95
gain	29	6	-95.95
gain	6	30	-108.66
gain	30	6	-108.66
gain	6	31	-104.01
gain	31	6	-104.01
gain	6	32	-103.19
gain	32	6	-103.19
gain	6	33	-98.82
gain	33	6	-98.82
gain	6	34	-99.61
gain	34	6	-99.61
gain	6	35	-103.49
gain	35	6	-103.49
gain	6	36	-118.18
gain	36	6	-118.18
gain	6	37	-113.23
gain	37	6	-113.23
gain	6	38	-105.69
gain	38	6	-105.69
gain	6	39	-115.57
gain	39	6	-115.57
gain	6	40	-108.09
gain	40	6	-108.09
gain	6	41	-98.05
gain	41	6	-98.05
gain	6	42	-115.07
gain	42	6	-115.07
gain	6	43	-116.15
gain	43	6	-116.15
gain	6	44	-105.64
gain	44	6	-105.64
gain	6	45	-111.16
gain	45	6	-111.16
gain	6	46	-105.21
gain	46	6	-105.21
gain	6	47	-111.13
gain	47	6	-111.13
gain	6	48	-109.00
gain	48	6	-109.00
gain	7	8	-81.48
gain	8	7	-81.48
gain	7	9	-87.49
gain	9	7	-87.49
gain	7	10	-101.50
gain	10	7	-101.50
gain	7	11	-95.87
gain	11	7	-95.87
gain	7	12	-110.58
gain	12	7	-110.58
gain	7	13	-107.18
gain	13	7	-107.18
gain	7	14	-78.86
gain	14	7	-78.86
gain	7	15	-88.78
gain	15	7	-88.78
gain	7	16	-95.78
gain	16	7	-95.78
gain	7	17	-103.20
gain	17	7	-103.20
gain	7	18	-103.95
gain	18	7	-103.95
gain	7	19	-106.14
gain	19	7	-106.14
gain	7	20	-101.28
gain	20	7	-101.28
gain	7	21	-95.27
gain	21	7	-95.27
gain	7	22	-100.22
gain	22	7	-100.22
gain	7	23	-86.61
gain	23	7	-86.61
gain	7	24	-90.65
gain	24	7	-90.65
gain	7	25	-104.60
gain	25	7	-104.60
gain	7	26	-100.44
gain	26	7	-100.44
gain	7	27	-102.46
gain	27	7	-102.46
gain	7	28	-99.91
gain	28	7	-99.91
gain	7	29	-103.46
gain	29	7	-103.46
gain	7	30	-103.87
gain	30	7	-103.87
gain	7	31	-99.26
gain	31	7	-99.26
gain	7	32	-105.41
gain	32	7	-105.41
gain	7	33	-101.81
gain	33	7	-101.81
gain	7	34	-107.33
gain	34	7	-107.33
gain	7	35	-101.98
gain	35	7	-101.98
gain	7	36	-105.27
gain	36	7	-105.27
gain	7	37	-108.16
gain	37	7	-108.16
gain	7	38	-111.48
gain	38	7	-111.48
gain	7	39	-98.88
gain	39	7	-98.88
gain	7	40	-102.87
gain	40	7	-102.87
gain	7	41	-112.89
gain	41	7	-112.89
gain	7	42	-101.84
gain	42	7	-101.84
gain	7	43	-96.03
gain	43	7	-96.03
gain	7	44	-106.67
gain	44	7	-106.67
gain	7	45	-104.88
gain	45	7	-104.88
gain	7	46	-105.98
gain	46	7	-105.98
gain	7	47	-108.08
gain	47	7	-108.08
gain	7	48	-118.88
gain	48	7	-118.88
gain	8	9	-75.06
gain	9	8	-75.06
gain	8	10	-100.87
gain	10	8	-100.87
gain	8	11	-101.82
gain	11	8	-101.82
gain	8	12	-97.12
gain	12	8	-97.12
gain	8	13	-105.81
gain	13	8	-105.81
gain	8	14	-83.97
gain	14	8	-83.97
gain	8	15	-84.77
gain	15	8	-84.77
gain	8	16	-81.19
gain	16	8	-81.19
gain	8	17	-82.87
gain	17	8	-82.87
gain	8	18	-93.48
gain	18	8	-93.48
gain	8	19	-106.82
gain	19	8	-106.82
gain	8	20	-104.28
gain	20	8	-104.28
gain	8	21	-84.77
gain	21	8	-84.77
gain	8	22	-85.44
gain	22	8	-85.44
gain	8	23	-90.23
gain	23	8	-90.23
gain	8	24	-88.70
gain	24	8	-88.70
gain	8	25	-100.02
gain	25	8	-100.02
gain	8	26	-119.09
gain	26	8	-119.09
gain	8	27	-113.75
gain	27	8	-113.75
gain	8	28	-97.50
gain	28	8	-97.50
gain	8	29	-95.72
gain	29	8	-95.72
gain	8	30	-104.88
gain	30	8	-104.88
gain	8	31	-108.14
gain	31	8	-108.14
gain	8	32	-99.35
gain	32	8	-99.35
gain	8	33	-114.54
gain	33	8	-114.54
gain	8	34	-106.24
gain	34	8	-106.24
gain	8	35	-107.79
gain	35	8	-107.79
gain	8	36	-105.33
gain	36	8	-105.33
gain	8	37	-104.96
gain	37	8	-104.96
gain	8	38	-108.78
gain	38	8	-108.78
gain	8	39	-100.96
gain	39	8	-100.96
gain	8	40	-105.09
gain	40	8	-105.09
gain	8	41	-108.47
gain	41	8	-108.47
gain	8	42	-108.76
gain	42	8	-108.76
gain	8	43	-94.08
gain	43	8	-94.08
gain	8	44	-105.35
gain	44	8	-105.35
gain	8	45	-101.14
gain	45	8	-101.14
gain	8	46	-102.20
gain	46	8	-102.20
gain	8	47	-102.83
gain	47	8	-102.83
gain	8	48	-101.90
gain	48	8	-101.90
gain	9	10	-79.82
gain	10	9	-79.82
gain	9	11	-91.85
gain	11	9	-91.85
gain	9	12	-97.12
gain	12	9	-97.12
gain	9	13	-103.25
gain	13	9	-103.25
gain	9	14	-87.59
gain	14	9	-87.59
gain	9	15	-86.05
gain	15	9	-86.05
gain	9	16	-82.67
gain	16	9	-82.67
gain	9	17	-91.02
gain	17	9	-91.02
gain	9	18	-94.08
gain	18	9	-94.08
gain	9	19	-100.84
gain	19	9	-100.84
gain	9	20	-101.78
gain	20	9	-101.78
gain	9	21	-111.52
gain	21	9	-111.52
gain	9	22	-86.13
gain	22	9	-86.13
gain	9	23	-83.89
gain	23	9	-83.89
gain	9	24	-88.59
gain	24	9	-88.59
gain	9	25	-102.54
gain	25	9	-102.54
gain	9	26	-95.82
gain	26	9	-95.82
gain	9	27	-111.02
gain	27	9	-111.02
gain	9	28	-88.09
gain	28	9	-88.09
gain	9	29	-86.67
gain	29	9	-86.67
gain	9	30	-94.11
gain	30	9	-94.11
gain	9	31	-103.47
gain	31	9	-103.47
gain	9	32	-106.54
gain	32	9	-106.54
gain	9	33	-105.39
gain	33	9	-105.39
gain	9	34	-102.57
gain	34	9	-102.57
gain	9	35	-101.94
gain	35	9	-101.94
gain	9	36	-106.48
gain	36	9	-106.48
gain	9	37	-95.74
gain	37	9	-95.74
gain	9	38	-110.09
gain	38	9	-110.09
gain	9	39	-100.13
gain	39	9	-100.13
gain	9	40	-102.96
gain	40	9	-102.96
gain	9	41	-99.62
gain	41	9	-99.62
gain	9	42	-103.22
gain	42	9	-103.22
gain	9	43	-112.50
gain	43	9	-112.50
gain	9	44	-108.43
gain	44	9	-108.43
gain	9	45	-102.92
gain	45	9	-102.92
gain	9	46	-114.25
gain	46	9	-114.25
gain	9	47	-104.77
gain	47	9	-104.77
gain	9	48	-112.45
gain	48	9	-112.45
gain	10	11	-87.68
gain	11	10	-87.68
gain	10	12	-101.78
gain	12	10	-101.78
gain	10	13	-101.94
gain	13	10	-101.94
gain	10	14	-100.92
gain	14	10	-100.92
gain	10	15	-98.69
gain	15	10	-98.69
gain	10	16	-82.82
gain	16	10	-82.82
gain	10	17	-83.30
gain	17	10	-83.30
gain	10	18	-75.26
gain	18	10	-75.26
gain	10	19	-92.87
gain	19	10	-92.87
gain	10	20	-109.70
gain	20	10	-109.70
gain	10	21	-97.26
gain	21	10	-97.26
gain	10	22	-109.13
gain	22	10	-109.13
gain	10	23	-97.45
gain	23	10	-97.45
gain	10	24	-83.08
gain	24	10	-83.08
gain	10	25	-99.61
gain	25	10	-99.61
gain	10	26	-100.04
gain	26	10	-100.04
gain	10	27	-94.60
gain	27	10	-94.60
gain	10	28	-111.99
gain	28	10	-111.99
gain	10	29	-97.19
gain	29	10	-97.19
gain	10	30	-107.80
gain	30	10	-107.80
gain	10	31	-100.58
gain	31	10	-100.58
gain	10	32	-92.72
gain	32	10	-92.72
gain	10	33	-100.50
gain	33	10	-100.50
gain	10	34	-104.69
gain	34	10	-104.69
gain	10	35	-92.72
gain	35	10	-92.72
gain	10	36	-110.17
gain	36	10	-110.17
gain	10	37	-101.88
gain	37	10	-101.88
gain	10	38	-102.69
gain	38	10	-102.69
gain	10	39	-107.94
gain	39	10	-107.94
gain	10	40	-112.70
gain	40	10	-112.70
gain	10	41	-98.99
gain	41	10	-98.99
gain	10	42	-97.69
gain	42	10	-97.69
gain	10	43	-102.08
gain	43	10	-102.08
gain	10	44	-103.04
gain	44	10	-103.04
gain	10	45	-113.44
gain	45	10	-113.44
gain	10	46	-100.08
gain	46	10	-100.08
gain	10	47	-104.54
gain	47	10	-104.54
gain	10	48	-106.44
gain	48	10	-106.44
gain	11	12	-87.20
gain	12	11	-87.20
gain	11	13	-90.56
gain	13	11	-90.56
gain	11	14	-110.02
gain	14	11	-110.02
gain	11	15	-96.62
gain	15	11	-96.62
gain	11	16	-91.09
gain	16	11	-91.09
gain	11	17	-85.43
gain	17	11	-85.43
gain	11	18	-91.47
gain	18	11	-91.47
gain	11	19	-91.81
gain	19	11	-91.81
gain	11	20	-87.78
gain	20	11	-87.78
gain	11	21	-108.79
gain	21	11	-108.79
gain	11	22	-92.26
gain	22	11	-92.26
gain	11	23	-90.64
gain	23	11	-90.64
gain	11	24	-94.43
gain	24	11	-94.43
gain	11	25	-91.45
gain	25	11	-91.45
gain	11	26	-91.57
gain	26	11	-91.57
gain	11	27	-87.79
gain	27	11	-87.79
gain	11	28	-95.28
gain	28	11	-95.28
gain	11	29	-96.42
gain	29	11	-96.42
gain	11	30	-98.47
gain	30	11	-98.47
gain	11	31	-98.23
gain	31	11	-98.23
gain	11	32	-100.92
gain	32	11	-100.92
gain	11	33	-103.42
gain	33	11	-103.42
gain	11	34	-95.18
gain	34	11	-95.18
gain	11	35	-112.32
gain	35	11	-112.32
gain	11	36	-98.83
gain	36	11	-98.83
gain	11	37	-105.37
gain	37	11	-105.37
gain	11	38	-107.97
gain	38	11	-107.97
gain	11	39	-90.25
gain	39	11	-90.25
gain	11	40	-102.20
gain	40	11	-102.20
gain	11	41	-103.44
gain	41	11	-103.44
gain	11	42	-101.90
gain	42	11	-101.90
gain	11	43	-108.18
gain	43	11	-108.18
gain	11	44	-103.82
gain	44	11	-103.82
gain	11	45	-105.99
gain	45	11	-105.99
gain	11	46	-101.17
gain	46	11	-101.17
gain	11	47	-96.61
gain	47	11	-96.61
gain	11	48	-106.63
gain	48	11	-106.63
gain	12	13	-80.20
gain	13	12	-80.20
gain	12	14	-113.23
gain	14	12	-113.23
gain	12	15	-96.26
gain	15	12	-96.26
gain	12	16	-100.04
gain	16	12	-100.04
gain	12	17	-91.24
gain	17	12	-91.24
gain	12	18	-87.19
gain	18	12	-87.19
gain	12	19	-79.55
gain	19	12	-79.55
gain	12	20	-87.85
gain	20	12	-87.85
gain	12	21	-100.94
gain	21	12	-100.94
gain	12	22	-104.48
gain	22	12	-104.48
gain	12	23	-102.72
gain	23	12	-102.72
gain	12	24	-98.02
gain	24	12	-98.02
gain	12	25	-89.25
gain	25	12	-89.25
gain	12	26	-90.04
gain	26	12	-90.04
gain	12	27	-93.59
gain	27	12	-93.59
gain	12	28	-113.16
gain	28	12	-113.16
gain	12	29	-110.91
gain	29	12	-110.91
gain	12	30	-100.37
gain	30	12	-100.37
gain	12	31	-110.13
gain	31	12	-110.13
gain	12	32	-93.47
gain	32	12	-93.47
gain	12	33	-97.83
gain	33	12	-97.83
gain	12	34	-93.18
gain	34	12	-93.18
gain	12	35	-108.40
gain	35	12	-108.40
gain	12	36	-97.02
gain	36	12	-97.02
gain	12	37	-100.50
gain	37	12	-100.50
gain	12	38	-107.52
gain	38	12	-107.52
gain	12	39	-109.19
gain	39	12	-109.19
gain	12	40	-102.72
gain	40	12	-102.72
gain	12	41	-103.00
gain	41	12	-103.00
gain	12	42	-119.36
gain	42	12	-119.36
gain	12	43	-118.92
gain	43	12	-118.92
gain	12	44	-112.75
gain	44	12	-112.75
gain	12	45	-102.13
gain	45	12	-102.13
gain	12	46	-103.57
gain	46	12	-103.57
gain	12	47	-94.93
gain	47	12	-94.93
gain	12	48	-111.89
gain	48	12	-111.89
gain	13	14	-109.66
gain	14	13	-109.66
gain	13	15	-109.97
gain	15	13	-109.97
gain	13	16	-108.47
gain	16	13	-108.47
gain	13	17	-93.73
gain	17	13	-93.73
gain	13	18	-84.75
gain	18	13	-84.75
gain	13	19	-90.13
gain	19	13	-90.13
gain	13	20	-80.90
gain	20	13	-80.90
gain	13	21	-112.40
gain	21	13	-112.40
gain	13	22	-105.13
gain	22	13	-105.13
gain	13	23	-112.98
gain	23	13	-112.98
gain	13	24	-100.05
gain	24	13	-100.05
gain	13	25	-89.40
gain	25	13	-89.40
gain	13	26	-93.62
gain	26	13	-93.62
gain	13	27	-94.04
gain	27	13	-94.04
gain	13	28	-103.78
gain	28	13	-103.78
gain	13	29	-102.38
gain	29	13	-102.38
gain	13	30	-110.52
gain	30	13	-110.52
gain	13	31	-105.72
gain	31	13	-105.72
gain	13	32	-95.57
gain	32	13	-95.57
gain	13	33	-104.27
gain	33	13	-104.27
gain	13	34	-95.52
gain	34	13	-95.52
gain	13	35	-110.20
gain	35	13	-110.20
gain	13	36	-110.89
gain	36	13	-110.89
gain	13	37	-108.00
gain	37	13	-108.00
gain	13	38	-102.56
gain	38	13	-102.56
gain	13	39	-98.15
gain	39	13	-98.15
gain	13	40	-98.45
gain	40	13	-98.45
gain	13	41	-96.80
gain	41	13	-96.80
gain	13	42	-115.98
gain	42	13	-115.98
gain	13	43	-116.70
gain	43	13	-116.70
gain	13	44	-106.85
gain	44	13	-106.85
gain	13	45	-104.18
gain	45	13	-104.18
gain	13	46	-104.79
gain	46	13	-104.79
gain	13	47	-102.27
gain	47	13	-102.27
gain	13	48	-107.23
gain	48	13	-107.23
gain	14	15	-72.32
gain	15	14	-72.32
gain	14	16	-100.67
gain	16	14	-100.67
gain	14	17	-96.56
gain	17	14	-96.56
gain	14	18	-106.57
gain	18	14	-106.57
gain	14	19	-103.41
gain	19	14	-103.41
gain	14	20	-104.58
gain	20	14	-104.58
gain	14	21	-80.53
gain	21	14	-80.53
gain	14	22	-91.28
gain	22	14	-91.28
gain	14	23	-92.58
gain	23	14	-92.58
gain	14	24	-94.38
gain	24	14	-94.38
gain	14	25	-112.77
gain	25	14	-112.77
gain	14	26	-109.85
gain	26	14	-109.85
gain	14	27	-109.40
gain	27	14	-109.40
gain	14	28	-94.32
gain	28	14	-94.32
gain	14	29	-100.01
gain	29	14	-100.01
gain	14	30	-93.53
gain	30	14	-93.53
gain	14	31	-93.48
gain	31	14	-93.48
gain	14	32	-102.22
gain	32	14	-102.22
gain	14	33	-107.07
gain	33	14	-107.07
gain	14	34	-107.58
gain	34	14	-107.58
gain	14	35	-89.52
gain	35	14	-89.52
gain	14	36	-79.99
gain	36	14	-79.99
gain	14	37	-98.85
gain	37	14	-98.85
gain	14	38	-97.38
gain	38	14	-97.38
gain	14	39	-104.34
gain	39	14	-104.34
gain	14	40	-101.62
gain	40	14	-101.62
gain	14	41	-105.46
gain	41	14	-105.46
gain	14	42	-103.94
gain	42	14	-103.94
gain	14	43	-94.56
gain	43	14	-94.56
gain	14	44	-101.18
gain	44	14	-101.18
gain	14	45	-105.51
gain	45	14	-105.51
gain	14	46	-106.75
gain	46	14	-106.75
gain	14	47	-108.02
gain	47	14	-108.02
gain	14	48	-104.67
gain	48	14	-104.67
gain	15	16	-83.74
gain	16	15	-83.74
gain	15	17	-91.74
gain	17	15	-91.74
gain	15	18	-101.95
gain	18	15	-101.95
gain	15	19	-103.61
gain	19	15	-103.61
gain	15	20	-102.86
gain	20	15	-102.86
gain	15	21	-84.99
gain	21	15	-84.99
gain	15	22	-76.69
gain	22	15	-76.69
gain	15	23	-84.16
gain	23	15	-84.16
gain	15	24	-82.68
gain	24	15	-82.68
gain	15	25	-101.98
gain	25	15	-101.98
gain	15	26	-99.45
gain	26	15	-99.45
gain	15	27	-109.75
gain	27	15	-109.75
gain	15	28	-97.12
gain	28	15	-97.12
gain	15	29	-90.80
gain	29	15	-90.80
gain	15	30	-93.43
gain	30	15	-93.43
gain	15	31	-92.63
gain	31	15	-92.63
gain	15	32	-107.88
gain	32	15	-107.88
gain	15	33	-99.61
gain	33	15	-99.61
gain	15	34	-112.34
gain	34	15	-112.34
gain	15	35	-98.60
gain	35	15	-98.60
gain	15	36	-98.52
gain	36	15	-98.52
gain	15	37	-99.52
gain	37	15	-99.52
gain	15	38	-103.89
gain	38	15	-103.89
gain	15	39	-106.22
gain	39	15	-106.22
gain	15	40	-102.53
gain	40	15	-102.53
gain	15	41	-105.15
gain	41	15	-105.15
gain	15	42	-93.12
gain	42	15	-93.12
gain	15	43	-103.53
gain	43	15	-103.53
gain	15	44	-106.86
gain	44	15	-106.86
gain	15	45	-104.12
gain	45	15	-104.12
gain	15	46	-106.90
gain	46	15	-106.90
gain	15	47	-95.46
gain	47	15	-95.46
gain	15	48	-106.22
gain	48	15	-106.22
gain	16	17	-89.08
gain	17	16	-89.08
gain	16	18	-89.97
gain	18	16	-89.97
gain	16	19	-96.95
gain	19	16	-96.95
gain	16	20	-98.41
gain	20	16	-98.41
gain	16	21	-95.28
gain	21	16	-95.28
gain	16	22	-83.13
gain	22	16	-83.13
gain	16	23	-83.11
gain	23	16	-83.11
gain	16	24	-85.09
gain	24	16	-85.09
gain	16	25	-97.36
gain	25	16	-97.36
gain	16	26	-98.72
gain	26	16	-98.72
gain	16	27	-114.22
gain	27	16	-114.22
gain	16	28	-95.87
gain	28	16	-95.87
gain	16	29	-99.73
gain	29	16	-99.73
gain	16	30	-86.89
gain	30	16	-86.89
gain	16	31	-102.62
gain	31	16	-102.62
gain	16	32	-94.99
gain	32	16	-94.99
gain	16	33	-95.92
gain	33	16	-95.92
gain	16	34	-101.21
gain	34	16	-101.21
gain	16	35	-114.85
gain	35	16	-114.85
gain	16	36	-101.57
gain	36	16	-101.57
gain	16	37	-102.27
gain	37	16	-102.27
gain	16	38	-101.55
gain	38	16	-101.55
gain	16	39	-101.28
gain	39	16	-101.28
gain	16	40	-108.19
gain	40	16	-108.19
gain	16	41	-109.46
gain	41	16	-109.46
gain	16	42	-98.13
gain	42	16	-98.13
gain	16	43	-106.70
gain	43	16	-106.70
gain	16	44	-103.09
gain	44	16	-103.09
gain	16	45	-102.49
gain	45	16	-102.49
gain	16	46	-99.98
gain	46	16	-99.98
gain	16	47	-111.67
gain	47	16	-111.67
gain	16	48	-100.99
gain	48	16	-100.99
gain	17	18	-77.42
gain	18	17	-77.42
gain	17	19	-92.05
gain	19	17	-92.05
gain	17	20	-103.82
gain	20	17	-103.82
gain	17	21	-98.20
gain	21	17	-98.20
gain	17	22	-92.31
gain	22	17	-92.31
gain	17	23	-84.48
gain	23	17	-84.48
gain	17	24	-75.02
gain	24	17	-75.02
gain	17	25	-80.34
gain	25	17	-80.34
gain	17	26	-100.49
gain	26	17	-100.49
gain	17	27	-98.89
gain	27	17	-98.89
gain	17	28	-101.60
gain	28	17	-101.60
gain	17	29	-92.51
gain	29	17	-92.51
gain	17	30	-95.45
gain	30	17	-95.45
gain	17	31	-89.14
gain	31	17	-89.14
gain	17	32	-90.28
gain	32	17	-90.28
gain	17	33	-96.15
gain	33	17	-96.15
gain	17	34	-102.60
gain	34	17	-102.60
gain	17	35	-110.69
gain	35	17	-110.69
gain	17	36	-97.92
gain	36	17	-97.92
gain	17	37	-103.94
gain	37	17	-103.94
gain	17	38	-102.67
gain	38	17	-102.67
gain	17	39	-96.04
gain	39	17	-96.04
gain	17	40	-105.77
gain	40	17	-105.77
gain	17	41	-103.19
gain	41	17	-103.19
gain	17	42	-101.16
gain	42	17	-101.16
gain	17	43	-104.37
gain	43	17	-104.37
gain	17	44	-99.42
gain	44	17	-99.42
gain	17	45	-101.97
gain	45	17	-101.97
gain	17	46	-98.89
gain	46	17	-98.89
gain	17	47	-103.36
gain	47	17	-103.36
gain	17	48	-103.59
gain	48	17	-103.59
gain	18	19	-79.06
gain	19	18	-79.06
gain	18	20	-92.56
gain	20	18	-92.56
gain	18	21	-96.74
gain	21	18	-96.74
gain	18	22	-86.27
gain	22	18	-86.27
gain	18	23	-95.21
gain	23	18	-95.21
gain	18	24	-79.79
gain	24	18	-79.79
gain	18	25	-82.55
gain	25	18	-82.55
gain	18	26	-83.90
gain	26	18	-83.90
gain	18	27	-94.93
gain	27	18	-94.93
gain	18	28	-94.48
gain	28	18	-94.48
gain	18	29	-100.09
gain	29	18	-100.09
gain	18	30	-94.75
gain	30	18	-94.75
gain	18	31	-94.82
gain	31	18	-94.82
gain	18	32	-92.58
gain	32	18	-92.58
gain	18	33	-102.09
gain	33	18	-102.09
gain	18	34	-101.85
gain	34	18	-101.85
gain	18	35	-102.40
gain	35	18	-102.40
gain	18	36	-103.21
gain	36	18	-103.21
gain	18	37	-102.39
gain	37	18	-102.39
gain	18	38	-101.35
gain	38	18	-101.35
gain	18	39	-98.37
gain	39	18	-98.37
gain	18	40	-99.99
gain	40	18	-99.99
gain	18	41	-93.20
gain	41	18	-93.20
gain	18	42	-99.80
gain	42	18	-99.80
gain	18	43	-108.34
gain	43	18	-108.34
gain	18	44	-100.41
gain	44	18	-100.41
gain	18	45	-97.44
gain	45	18	-97.44
gain	18	46	-100.80
gain	46	18	-100.80
gain	18	47	-108.32
gain	47	18	-108.32
gain	18	48	-104.45
gain	48	18	-104.45
gain	19	20	-85.06
gain	20	19	-85.06
gain	19	21	-108.39
gain	21	19	-108.39
gain	19	22	-100.96
gain	22	19	-100.96
gain	19	23	-95.72
gain	23	19	-95.72
gain	19	24	-97.28
gain	24	19	-97.28
gain	19	25	-90.62
gain	25	19	-90.62
gain	19	26	-78.60
gain	26	19	-78.60
gain	19	27	-87.20
gain	27	19	-87.20
gain	19	28	-110.81
gain	28	19	-110.81
gain	19	29	-105.07
gain	29	19	-105.07
gain	19	30	-103.31
gain	30	19	-103.31
gain	19	31	-93.84
gain	31	19	-93.84
gain	19	32	-90.38
gain	32	19	-90.38
gain	19	33	-96.96
gain	33	19	-96.96
gain	19	34	-100.58
gain	34	19	-100.58
gain	19	35	-115.20
gain	35	19	-115.20
gain	19	36	-102.16
gain	36	19	-102.16
gain	19	37	-100.81
gain	37	19	-100.81
gain	19	38	-105.75
gain	38	19	-105.75
gain	19	39	-95.79
gain	39	19	-95.79
gain	19	40	-99.46
gain	40	19	-99.46
gain	19	41	-99.29
gain	41	19	-99.29
gain	19	42	-108.65
gain	42	19	-108.65
gain	19	43	-110.02
gain	43	19	-110.02
gain	19	44	-98.61
gain	44	19	-98.61
gain	19	45	-101.89
gain	45	19	-101.89
gain	19	46	-110.69
gain	46	19	-110.69
gain	19	47	-99.92
gain	47	19	-99.92
gain	19	48	-105.43
gain	48	19	-105.43
gain	20	21	-117.01
gain	21	20	-117.01
gain	20	22	-108.88
gain	22	20	-108.88
gain	20	23	-111.17
gain	23	20	-111.17
gain	20	24	-96.45
gain	24	20	-96.45
gain	20	25	-87.76
gain	25	20	-87.76
gain	20	26	-85.37
gain	26	20	-85.37
gain	20	27	-78.65
gain	27	20	-78.65
gain	20	28	-106.13
gain	28	20	-106.13
gain	20	29	-110.14
gain	29	20	-110.14
gain	20	30	-100.53
gain	30	20	-100.53
gain	20	31	-93.52
gain	31	20	-93.52
gain	20	32	-95.91
gain	32	20	-95.91
gain	20	33	-96.08
gain	33	20	-96.08
gain	20	34	-100.21
gain	34	20	-100.21
gain	20	35	-115.10
gain	35	20	-115.10
gain	20	36	-108.10
gain	36	20	-108.10
gain	20	37	-105.46
gain	37	20	-105.46
gain	20	38	-105.69
gain	38	20	-105.69
gain	20	39	-103.76
gain	39	20	-103.76
gain	20	40	-103.00
gain	40	20	-103.00
gain	20	41	-95.61
gain	41	20	-95.61
gain	20	42	-104.77
gain	42	20	-104.77
gain	20	43	-108.81
gain	43	20	-108.81
gain	20	44	-97.64
gain	44	20	-97.64
gain	20	45	-108.95
gain	45	20	-108.95
gain	20	46	-101.60
gain	46	20	-101.60
gain	20	47	-99.38
gain	47	20	-99.38
gain	20	48	-99.61
gain	48	20	-99.61
gain	21	22	-82.43
gain	22	21	-82.43
gain	21	23	-86.54
gain	23	21	-86.54
gain	21	24	-105.72
gain	24	21	-105.72
gain	21	25	-102.64
gain	25	21	-102.64
gain	21	26	-105.90
gain	26	21	-105.90
gain	21	27	-114.50
gain	27	21	-114.50
gain	21	28	-83.92
gain	28	21	-83.92
gain	21	29	-89.69
gain	29	21	-89.69
gain	21	30	-96.17
gain	30	21	-96.17
gain	21	31	-104.88
gain	31	21	-104.88
gain	21	32	-103.91
gain	32	21	-103.91
gain	21	33	-101.54
gain	33	21	-101.54
gain	21	34	-95.52
gain	34	21	-95.52
gain	21	35	-88.95
gain	35	21	-88.95
gain	21	36	-94.41
gain	36	21	-94.41
gain	21	37	-104.10
gain	37	21	-104.10
gain	21	38	-104.24
gain	38	21	-104.24
gain	21	39	-104.70
gain	39	21	-104.70
gain	21	40	-98.24
gain	40	21	-98.24
gain	21	41	-110.18
gain	41	21	-110.18
gain	21	42	-100.37
gain	42	21	-100.37
gain	21	43	-99.01
gain	43	21	-99.01
gain	21	44	-101.16
gain	44	21	-101.16
gain	21	45	-95.87
gain	45	21	-95.87
gain	21	46	-109.48
gain	46	21	-109.48
gain	21	47	-109.77
gain	47	21	-109.77
gain	21	48	-112.29
gain	48	21	-112.29
gain	22	23	-84.75
gain	23	22	-84.75
gain	22	24	-97.27
gain	24	22	-97.27
gain	22	25	-94.69
gain	25	22	-94.69
gain	22	26	-101.48
gain	26	22	-101.48
gain	22	27	-102.42
gain	27	22	-102.42
gain	22	28	-93.13
gain	28	22	-93.13
gain	22	29	-82.78
gain	29	22	-82.78
gain	22	30	-81.87
gain	30	22	-81.87
gain	22	31	-95.40
gain	31	22	-95.40
gain	22	32	-96.39
gain	32	22	-96.39
gain	22	33	-115.49
gain	33	22	-115.49
gain	22	34	-93.27
gain	34	22	-93.27
gain	22	35	-103.22
gain	35	22	-103.22
gain	22	36	-94.58
gain	36	22	-94.58
gain	22	37	-101.88
gain	37	22	-101.88
gain	22	38	-90.90
gain	38	22	-90.90
gain	22	39	-93.16
gain	39	22	-93.16
gain	22	40	-100.62
gain	40	22	-100.62
gain	22	41	-102.54
gain	41	22	-102.54
gain	22	42	-99.95
gain	42	22	-99.95
gain	22	43	-90.55
gain	43	22	-90.55
gain	22	44	-92.14
gain	44	22	-92.14
gain	22	45	-99.83
gain	45	22	-99.83
gain	22	46	-91.64
gain	46	22	-91.64
gain	22	47	-104.75
gain	47	22	-104.75
gain	22	48	-104.48
gain	48	22	-104.48
gain	23	24	-89.42
gain	24	23	-89.42
gain	23	25	-87.27
gain	25	23	-87.27
gain	23	26	-99.91
gain	26	23	-99.91
gain	23	27	-107.24
gain	27	23	-107.24
gain	23	28	-88.49
gain	28	23	-88.49
gain	23	29	-91.09
gain	29	23	-91.09
gain	23	30	-79.29
gain	30	23	-79.29
gain	23	31	-90.25
gain	31	23	-90.25
gain	23	32	-85.01
gain	32	23	-85.01
gain	23	33	-98.65
gain	33	23	-98.65
gain	23	34	-99.75
gain	34	23	-99.75
gain	23	35	-95.22
gain	35	23	-95.22
gain	23	36	-96.35
gain	36	23	-96.35
gain	23	37	-82.52
gain	37	23	-82.52
gain	23	38	-100.13
gain	38	23	-100.13
gain	23	39	-96.43
gain	39	23	-96.43
gain	23	40	-108.38
gain	40	23	-108.38
gain	23	41	-97.05
gain	41	23	-97.05
gain	23	42	-107.98
gain	42	23	-107.98
gain	23	43	-99.03
gain	43	23	-99.03
gain	23	44	-96.14
gain	44	23	-96.14
gain	23	45	-103.69
gain	45	23	-103.69
gain	23	46	-97.45
gain	46	23	-97.45
gain	23	47	-96.30
gain	47	23	-96.30
gain	23	48	-97.15
gain	48	23	-97.15
gain	24	25	-82.40
gain	25	24	-82.40
gain	24	26	-87.08
gain	26	24	-87.08
gain	24	27	-93.25
gain	27	24	-93.25
gain	24	28	-103.54
gain	28	24	-103.54
gain	24	29	-88.20
gain	29	24	-88.20
gain	24	30	-89.37
gain	30	24	-89.37
gain	24	31	-83.15
gain	31	24	-83.15
gain	24	32	-90.15
gain	32	24	-90.15
gain	24	33	-88.95
gain	33	24	-88.95
gain	24	34	-98.34
gain	34	24	-98.34
gain	24	35	-97.60
gain	35	24	-97.60
gain	24	36	-96.35
gain	36	24	-96.35
gain	24	37	-92.53
gain	37	24	-92.53
gain	24	38	-91.41
gain	38	24	-91.41
gain	24	39	-103.21
gain	39	24	-103.21
gain	24	40	-96.70
gain	40	24	-96.70
gain	24	41	-96.39
gain	41	24	-96.39
gain	24	42	-96.28
gain	42	24	-96.28
gain	24	43	-101.96
gain	43	24	-101.96
gain	24	44	-95.66
gain	44	24	-95.66
gain	24	45	-81.82
gain	45	24	-81.82
gain	24	46	-93.72
gain	46	24	-93.72
gain	24	47	-101.94
gain	47	24	-101.94
gain	24	48	-99.35
gain	48	24	-99.35
gain	25	26	-79.20
gain	26	25	-79.20
gain	25	27	-96.62
gain	27	25	-96.62
gain	25	28	-97.18
gain	28	25	-97.18
gain	25	29	-93.56
gain	29	25	-93.56
gain	25	30	-88.40
gain	30	25	-88.40
gain	25	31	-89.90
gain	31	25	-89.90
gain	25	32	-80.57
gain	32	25	-80.57
gain	25	33	-90.93
gain	33	25	-90.93
gain	25	34	-90.31
gain	34	25	-90.31
gain	25	35	-98.33
gain	35	25	-98.33
gain	25	36	-94.62
gain	36	25	-94.62
gain	25	37	-95.34
gain	37	25	-95.34
gain	25	38	-94.30
gain	38	25	-94.30
gain	25	39	-98.97
gain	39	25	-98.97
gain	25	40	-94.16
gain	40	25	-94.16
gain	25	41	-101.97
gain	41	25	-101.97
gain	25	42	-110.27
gain	42	25	-110.27
gain	25	43	-105.29
gain	43	25	-105.29
gain	25	44	-100.84
gain	44	25	-100.84
gain	25	45	-97.49
gain	45	25	-97.49
gain	25	46	-107.43
gain	46	25	-107.43
gain	25	47	-97.57
gain	47	25	-97.57
gain	25	48	-90.06
gain	48	25	-90.06
gain	26	27	-72.43
gain	27	26	-72.43
gain	26	28	-107.26
gain	28	26	-107.26
gain	26	29	-91.19
gain	29	26	-91.19
gain	26	30	-96.56
gain	30	26	-96.56
gain	26	31	-86.97
gain	31	26	-86.97
gain	26	32	-84.90
gain	32	26	-84.90
gain	26	33	-76.22
gain	33	26	-76.22
gain	26	34	-88.34
gain	34	26	-88.34
gain	26	35	-111.20
gain	35	26	-111.20
gain	26	36	-110.86
gain	36	26	-110.86
gain	26	37	-87.86
gain	37	26	-87.86
gain	26	38	-88.88
gain	38	26	-88.88
gain	26	39	-90.24
gain	39	26	-90.24
gain	26	40	-86.95
gain	40	26	-86.95
gain	26	41	-91.27
gain	41	26	-91.27
gain	26	42	-96.49
gain	42	26	-96.49
gain	26	43	-106.36
gain	43	26	-106.36
gain	26	44	-104.06
gain	44	26	-104.06
gain	26	45	-95.72
gain	45	26	-95.72
gain	26	46	-104.26
gain	46	26	-104.26
gain	26	47	-101.15
gain	47	26	-101.15
gain	26	48	-94.31
gain	48	26	-94.31
gain	27	28	-113.66
gain	28	27	-113.66
gain	27	29	-102.80
gain	29	27	-102.80
gain	27	30	-111.35
gain	30	27	-111.35
gain	27	31	-101.07
gain	31	27	-101.07
gain	27	32	-90.66
gain	32	27	-90.66
gain	27	33	-81.21
gain	33	27	-81.21
gain	27	34	-79.78
gain	34	27	-79.78
gain	27	35	-96.64
gain	35	27	-96.64
gain	27	36	-103.09
gain	36	27	-103.09
gain	27	37	-102.36
gain	37	27	-102.36
gain	27	38	-94.51
gain	38	27	-94.51
gain	27	39	-94.66
gain	39	27	-94.66
gain	27	40	-94.00
gain	40	27	-94.00
gain	27	41	-88.89
gain	41	27	-88.89
gain	27	42	-109.72
gain	42	27	-109.72
gain	27	43	-117.70
gain	43	27	-117.70
gain	27	44	-107.60
gain	44	27	-107.60
gain	27	45	-103.49
gain	45	27	-103.49
gain	27	46	-94.03
gain	46	27	-94.03
gain	27	47	-104.92
gain	47	27	-104.92
gain	27	48	-105.97
gain	48	27	-105.97
gain	28	29	-75.31
gain	29	28	-75.31
gain	28	30	-79.44
gain	30	28	-79.44
gain	28	31	-103.23
gain	31	28	-103.23
gain	28	32	-103.10
gain	32	28	-103.10
gain	28	33	-105.29
gain	33	28	-105.29
gain	28	34	-95.60
gain	34	28	-95.60
gain	28	35	-84.86
gain	35	28	-84.86
gain	28	36	-83.73
gain	36	28	-83.73
gain	28	37	-98.76
gain	37	28	-98.76
gain	28	38	-100.83
gain	38	28	-100.83
gain	28	39	-103.04
gain	39	28	-103.04
gain	28	40	-96.35
gain	40	28	-96.35
gain	28	41	-110.84
gain	41	28	-110.84
gain	28	42	-95.67
gain	42	28	-95.67
gain	28	43	-92.28
gain	43	28	-92.28
gain	28	44	-95.07
gain	44	28	-95.07
gain	28	45	-103.77
gain	45	28	-103.77
gain	28	46	-106.98
gain	46	28	-106.98
gain	28	47	-97.88
gain	47	28	-97.88
gain	28	48	-109.70
gain	48	28	-109.70
gain	29	30	-75.98
gain	30	29	-75.98
gain	29	31	-88.46
gain	31	29	-88.46
gain	29	32	-93.49
gain	32	29	-93.49
gain	29	33	-91.77
gain	33	29	-91.77
gain	29	34	-108.00
gain	34	29	-108.00
gain	29	35	-84.38
gain	35	29	-84.38
gain	29	36	-81.40
gain	36	29	-81.40
gain	29	37	-90.97
gain	37	29	-90.97
gain	29	38	-100.85
gain	38	29	-100.85
gain	29	39	-90.89
gain	39	29	-90.89
gain	29	40	-93.72
gain	40	29	-93.72
gain	29	41	-104.64
gain	41	29	-104.64
gain	29	42	-97.05
gain	42	29	-97.05
gain	29	43	-95.94
gain	43	29	-95.94
gain	29	44	-89.92
gain	44	29	-89.92
gain	29	45	-97.09
gain	45	29	-97.09
gain	29	46	-100.58
gain	46	29	-100.58
gain	29	47	-101.57
gain	47	29	-101.57
gain	29	48	-107.12
gain	48	29	-107.12
gain	30	31	-70.71
gain	31	30	-70.71
gain	30	32	-87.82
gain	32	30	-87.82
gain	30	33	-90.81
gain	33	30	-90.81
gain	30	34	-104.61
gain	34	30	-104.61
gain	30	35	-94.11
gain	35	30	-94.11
gain	30	36	-88.32
gain	36	30	-88.32
gain	30	37	-73.48
gain	37	30	-73.48
gain	30	38	-87.83
gain	38	30	-87.83
gain	30	39	-89.16
gain	39	30	-89.16
gain	30	40	-97.31
gain	40	30	-97.31
gain	30	41	-103.76
gain	41	30	-103.76
gain	30	42	-98.79
gain	42	30	-98.79
gain	30	43	-98.26
gain	43	30	-98.26
gain	30	44	-92.96
gain	44	30	-92.96
gain	30	45	-85.32
gain	45	30	-85.32
gain	30	46	-97.99
gain	46	30	-97.99
gain	30	47	-107.81
gain	47	30	-107.81
gain	30	48	-94.67
gain	48	30	-94.67
gain	31	32	-81.77
gain	32	31	-81.77
gain	31	33	-97.92
gain	33	31	-97.92
gain	31	34	-102.24
gain	34	31	-102.24
gain	31	35	-102.11
gain	35	31	-102.11
gain	31	36	-85.96
gain	36	31	-85.96
gain	31	37	-76.75
gain	37	31	-76.75
gain	31	38	-81.46
gain	38	31	-81.46
gain	31	39	-84.22
gain	39	31	-84.22
gain	31	40	-89.83
gain	40	31	-89.83
gain	31	41	-97.95
gain	41	31	-97.95
gain	31	42	-103.20
gain	42	31	-103.20
gain	31	43	-89.94
gain	43	31	-89.94
gain	31	44	-86.71
gain	44	31	-86.71
gain	31	45	-94.20
gain	45	31	-94.20
gain	31	46	-89.22
gain	46	31	-89.22
gain	31	47	-90.23
gain	47	31	-90.23
gain	31	48	-98.87
gain	48	31	-98.87
gain	32	33	-82.53
gain	33	32	-82.53
gain	32	34	-99.02
gain	34	32	-99.02
gain	32	35	-97.15
gain	35	32	-97.15
gain	32	36	-100.74
gain	36	32	-100.74
gain	32	37	-94.17
gain	37	32	-94.17
gain	32	38	-78.36
gain	38	32	-78.36
gain	32	39	-80.38
gain	39	32	-80.38
gain	32	40	-95.81
gain	40	32	-95.81
gain	32	41	-91.13
gain	41	32	-91.13
gain	32	42	-98.68
gain	42	32	-98.68
gain	32	43	-109.70
gain	43	32	-109.70
gain	32	44	-95.18
gain	44	32	-95.18
gain	32	45	-89.84
gain	45	32	-89.84
gain	32	46	-90.46
gain	46	32	-90.46
gain	32	47	-86.02
gain	47	32	-86.02
gain	32	48	-99.91
gain	48	32	-99.91
gain	33	34	-76.78
gain	34	33	-76.78
gain	33	35	-105.84
gain	35	33	-105.84
gain	33	36	-122.93
gain	36	33	-122.93
gain	33	37	-96.19
gain	37	33	-96.19
gain	33	38	-88.89
gain	38	33	-88.89
gain	33	39	-88.83
gain	39	33	-88.83
gain	33	40	-81.44
gain	40	33	-81.44
gain	33	41	-89.72
gain	41	33	-89.72
gain	33	42	-109.79
gain	42	33	-109.79
gain	33	43	-99.80
gain	43	33	-99.80
gain	33	44	-103.22
gain	44	33	-103.22
gain	33	45	-96.82
gain	45	33	-96.82
gain	33	46	-92.64
gain	46	33	-92.64
gain	33	47	-92.39
gain	47	33	-92.39
gain	33	48	-97.47
gain	48	33	-97.47
gain	34	35	-106.45
gain	35	34	-106.45
gain	34	36	-107.35
gain	36	34	-107.35
gain	34	37	-91.85
gain	37	34	-91.85
gain	34	38	-91.16
gain	38	34	-91.16
gain	34	39	-95.72
gain	39	34	-95.72
gain	34	40	-81.06
gain	40	34	-81.06
gain	34	41	-84.17
gain	41	34	-84.17
gain	34	42	-109.41
gain	42	34	-109.41
gain	34	43	-101.05
gain	43	34	-101.05
gain	34	44	-98.54
gain	44	34	-98.54
gain	34	45	-103.89
gain	45	34	-103.89
gain	34	46	-101.02
gain	46	34	-101.02
gain	34	47	-93.97
gain	47	34	-93.97
gain	34	48	-89.45
gain	48	34	-89.45
gain	35	36	-88.33
gain	36	35	-88.33
gain	35	37	-88.96
gain	37	35	-88.96
gain	35	38	-95.74
gain	38	35	-95.74
gain	35	39	-102.43
gain	39	35	-102.43
gain	35	40	-97.12
gain	40	35	-97.12
gain	35	41	-105.20
gain	41	35	-105.20
gain	35	42	-79.68
gain	42	35	-79.68
gain	35	43	-83.44
gain	43	35	-83.44
gain	35	44	-89.07
gain	44	35	-89.07
gain	35	45	-93.30
gain	45	35	-93.30
gain	35	46	-105.98
gain	46	35	-105.98
gain	35	47	-106.84
gain	47	35	-106.84
gain	35	48	-106.90
gain	48	35	-106.90
gain	36	37	-85.58
gain	37	36	-85.58
gain	36	38	-95.96
gain	38	36	-95.96
gain	36	39	-100.76
gain	39	36	-100.76
gain	36	40	-97.68
gain	40	36	-97.68
gain	36	41	-109.42
gain	41	36	-109.42
gain	36	42	-83.59
gain	42	36	-83.59
gain	36	43	-92.49
gain	43	36	-92.49
gain	36	44	-96.67
gain	44	36	-96.67
gain	36	45	-81.83
gain	45	36	-81.83
